2018-01	0.9353541731834412	0.9479974160206718	0.9479974160206718	0.9479700527391202	0	
2018-02	0.9492285549640656	0.9491642254006548	0.9491642254006548	0.9491631248723054	55722	
2018-03	0.9517412781715393	0.9522177803160099	0.9522177803160099	0.9522176871933832	104445	
2018-04	0.9600651264190674	0.9597958794353301	0.9597958794353301	0.959791412708985	141817	
2018-05	0.9592000007629394	0.9593505477308294	0.9593505477308294	0.95934421513141	188690	
2018-06	0.961125651995341	0.9603960396039604	0.9603960396039604	0.9603957001767818	230010	
2018-07	0.9627214968204498	0.9627222597344137	0.9627222597344137	0.9627222193400384	250965	
2018-08	0.9639473727771214	0.9639783470950682	0.9639783470950682	0.963978346893325	251364	
2018-09	0.9583597928285599	0.9583297385902856	0.9583297385902856	0.9583281529195078	251759	
2018-10	0.9624940812587738	0.9632403737774061	0.9632403737774061	0.9632399351827443	251807	
2018-11	0.9635042385621504	0.9635418269082854	0.9635418269082854	0.9635367639323709	252044	
2018-12	0.966453873194181	0.9664560168519851	0.9664560168519851	0.9664548937566597	252136	
2018-01	0.9546875059604645	0.9463824289405685	0.9463824289405685	0.9463684408470416	0	
2018-02	0.9569276869297028	0.9569188350853007	0.9569188350853007	0.9569143812801206	55722	
2018-03	0.9547669490178426	0.9543118218161051	0.9543118218161051	0.9543115699600642	104445	
2018-04	0.962226390838623	0.9625619992369324	0.9625619992369324	0.9625619371604813	141817	
2018-05	0.9647846102714539	0.9655712050078247	0.9655712050078247	0.9655687003713322	188690	
2018-06	0.9685905973116556	0.966020854577152	0.966020854577152	0.9660146732258728	230010	
2018-07	0.9694795509179434	0.9694744541976142	0.9694744541976142	0.9694727057192092	250965	
2018-08	0.9668019669396537	0.9667473245690623	0.9667473245690623	0.9667458603640905	251364	
2018-09	0.9658493474125862	0.9659865412820292	0.9659865412820292	0.9659865279748756	251759	
2018-10	0.9679702699184418	0.9681307493727956	0.9681307493727956	0.9681275279636866	251807	
2018-11	0.9625222737138922	0.9625265360120604	0.9625265360120604	0.9625260080499882	252044	
2018-12	0.9645193494283236	0.964802815774738	0.964802815774738	0.964802796155045	252136	
2018-01	0.9598125219345093	0.9465439276485789	0.9465439276485789	0.9465347785246023	0	
2018-02	0.9507767558097839	0.9508013096674134	0.9508013096674134	0.9507982848588459	55722	
2018-03	0.9573791225751241	0.9574846119677645	0.9574846119677645	0.9574845912532661	104445	
2018-04	0.9604257345199585	0.9609881724532621	0.9609881724532621	0.9609881596757908	141817	
2018-05	0.9599153876304627	0.9605242566510173	0.9605242566510173	0.9605236156036517	188690	
2018-06	0.9559127887090048	0.9583566330054932	0.9583566330054932	0.9583542285367681	230010	
2018-07	0.9639734129110972	0.9639601620526671	0.9639601620526671	0.9639601556341778	250965	
2018-08	0.9644615650177002	0.9645520991842742	0.9645520991842742	0.9645520705959457	251364	
2018-09	0.9638128653168678	0.9638296954533689	0.9638296954533689	0.9638292483880839	251759	
2018-10	0.9650071740150452	0.9654401338035851	0.9654401338035851	0.9654392189822376	251807	
2018-11	0.9645978266542609	0.9646032673907023	0.9646032673907023	0.9646011310758752	252044	
2018-12	0.963941922554603	0.9640695411033784	0.9640695411033784	0.9640694624137197	252136	
2018-01	0.956291675567627	0.9446059431524548	0.9446059431524548	0.9446043697439539	0	
2018-02	0.9559172987937927	0.9559710494571774	0.9559710494571774	0.9559338959920598	55722	
2018-03	0.9543246428171793	0.9541849102100387	0.9541849102100387	0.9541745457624553	104445	
2018-04	0.9627227932214737	0.963325066768409	0.963325066768409	0.9633250526709062	141817	
2018-05	0.964466667175293	0.9640845070422536	0.9640845070422536	0.9640831691365435	188690	
2018-06	0.9597419500350952	0.9610539127002401	0.9610539127002401	0.9610514650493585	230010	
2018-07	0.967634787162145	0.9676176007202341	0.9676176007202341	0.9676171741784668	250965	
2018-08	0.9669498971530369	0.9667972160550802	0.9667972160550802	0.9667936743337016	251364	
2018-09	0.9660810455679893	0.9660081097403158	0.9660081097403158	0.9660080733071876	251759	
2018-10	0.966019070148468	0.9658219103370541	0.9658219103370541	0.9658219001705814	251807	
2018-11	0.9647676131942056	0.9647878657354706	0.9647878657354706	0.9647835575303201	252044	
2018-12	0.9681458289806659	0.9681225501959844	0.9681225501959844	0.9681209283066444	252136	
2018-01	0.9469583332538605	0.9460594315245479	0.9460594315245479	0.9460349070960227	0	
2018-02	0.9515632390975952	0.9516629329657074	0.9516629329657074	0.9516524375010187	55722	
2018-03	0.9519079327583313	0.9524081477251095	0.9524081477251095	0.9524052482994549	104445	
2018-04	0.96370629966259	0.9630866081648226	0.9630866081648226	0.9630847189789853	141817	
2018-05	0.9636230707168579	0.964319248826291	0.964319248826291	0.9643147809747487	188690	
2018-06	0.9674815734227499	0.9656261307193842	0.9656261307193842	0.9656256806870291	230010	
2018-07	0.9662077824274699	0.966267161827594	0.966267161827594	0.9662667446262685	250965	
2018-08	0.9671586155891418	0.9672961309152593	0.9672961309152593	0.9672940206755596	251364	
2018-09	0.967333659529686	0.9673453541540851	0.9673453541540851	0.9673452311074224	251759	
2018-10	0.966256582736969	0.966712722248482	0.966712722248482	0.9667125767509154	251807	
2018-11	0.9686943130059675	0.968695197366397	0.968695197366397	0.9686945082170924	252044	
2018-12	0.9710302903101995	0.9710823134149268	0.9710823134149268	0.9710807977822635	252136	
2018-01	0.9379791617393494	0.9433139534883721	0.9433139534883721	0.9433134197535176	0	
2018-02	0.9586222767829895	0.9585559193520593	0.9585559193520593	0.9585522634994206	55722	
2018-03	0.958042581876119	0.957674979376864	0.957674979376864	0.9576713462308118	104445	
2018-04	0.9631655365228653	0.9624189240747806	0.9624189240747806	0.9624188898834833	141817	
2018-05	0.9620666623115539	0.962715179968701	0.962715179968701	0.9627146863609182	188690	
2018-06	0.9623211324214935	0.9622709779283576	0.9622709779283576	0.9622709250222976	230010	
2018-07	0.9645890990893046	0.9645791132117938	0.9645791132117938	0.9645790088869415	250965	
2018-08	0.9652822273118156	0.9654002544465787	0.9654002544465787	0.9653994607066767	251364	
2018-09	0.9642581790685654	0.9642826330773876	0.9642826330773876	0.9642810567796942	251759	
2018-10	0.9629762291908264	0.963585790641021	0.963585790641021	0.9635857906289859	251807	
2018-11	0.9629038572311401	0.9628803495061994	0.9628803495061994	0.9628775847613366	252044	
2018-12	0.9657489474003131	0.9657760712476335	0.9657760712476335	0.9657757409892241	252136	
