2018-01	0.957874983549118	0.9476744186046512	0.9476744186046512	0.9476744186046511	0	
2018-02	0.9557681977748871	0.9557987247975185	0.9557987247975185	0.9557985512065829	50424	
2018-03	0.9533043305079142	0.9533599847706072	0.9533599847706072	0.9533444024756684	51906	
2018-04	0.9561403691768646	0.9557420831743609	0.9557420831743609	0.9557420574041977	52759	
2018-05	0.9518846154212952	0.9518779342723005	0.9518779342723005	0.9518627472962781	53615	
2018-06	0.9551874399185181	0.9561198644781421	0.9561198644781421	0.9561189471369382	54272	
2018-07	0.9529520074526469	0.9529315777627729	0.9529315777627729	0.952914897489733	54960	
2018-08	0.9569625769342694	0.9568937560805248	0.9568937560805248	0.956890816951388	55528	
2018-09	0.9516020342707634	0.9515356742300061	0.9515356742300061	0.9515343647279021	56181	
2018-10	0.9578423202037811	0.957895502308839	0.957895502308839	0.9578947140471741	57095	
2018-11	0.9551560770381581	0.9551118358305387	0.9551118358305387	0.9551111824974716	57538	
2018-12	0.9597877676670368	0.9596698930752207	0.9596698930752207	0.959666227949199	58006	
2018-01	0.9391458332538605	0.9455749354005168	0.9455749354005168	0.945573900561383	0	
2018-02	0.9526523947715759	0.9527830432534896	0.9527830432534896	0.9527721825469491	50424	
2018-03	0.9474624395370483	0.9471413160733549	0.9471413160733549	0.9471406485897959	51906	
2018-04	0.9543244391679764	0.9549790156428843	0.9549790156428843	0.9549700419552399	52759	
2018-05	0.9551666736602783	0.9546165884194053	0.9546165884194053	0.9546043312186168	53615	
2018-06	0.9535700877507528	0.9514489654945562	0.9514489654945562	0.9514425662185546	54272	
2018-07	0.955877810716629	0.9558856628404231	0.9558856628404231	0.9558709958321019	54960	
2018-08	0.9551231690815517	0.9554219572429965	0.9554219572429965	0.9554128791552815	55528	
2018-09	0.9523391276597977	0.9526788025191959	0.9526788025191959	0.9526750291504925	56181	
2018-10	0.9544434905052185	0.9543686143329818	0.9543686143329818	0.9543679618391538	57095	
2018-11	0.955992422320626	0.9559579115773928	0.9559579115773928	0.9559576546781314	57538	
2018-12	0.959109155031351	0.9591899314721489	0.9591899314721489	0.9591896556383561	58006	
2018-01	0.9416666626930237	0.9455749354005168	0.9455749354005168	0.9455681762958534	0	
2018-02	0.951710969209671	0.9517490952955368	0.9517490952955368	0.9517416662644743	50424	
2018-03	0.9496066371599833	0.949552636588616	0.949552636588616	0.9495522067548531	51906	
2018-04	0.9536685794591904	0.9536436474628005	0.9536436474628005	0.9536314556782253	52759	
2018-05	0.9557205080986023	0.9557120500782472	0.9557120500782472	0.9557116585213281	53615	
2018-06	0.9495023687680563	0.9535212657478372	0.9535212657478372	0.95352019374908	54272	
2018-07	0.9570254782835642	0.9570110285842899	0.9570110285842899	0.9570033174857486	54960	
2018-08	0.9557396854673114	0.9558460348741488	0.9558460348741488	0.9558303669816866	55528	
2018-09	0.9539118781685829	0.953757225433526	0.953757225433526	0.9537569745154453	56181	
2018-10	0.9544280111789704	0.9545322328473258	0.9545322328473258	0.9545312556704239	57095	
2018-11	0.9551295475526289	0.9551887518075255	0.9551887518075255	0.955188388873966	57538	
2018-12	0.9603779178399307	0.9603898354798283	0.9603898354798283	0.9603897071630111	58006	
2018-01	0.9493750035762787	0.9507428940568475	0.9507428940568475	0.9506845387427424	0	
2018-02	0.9593137204647064	0.9593313803205239	0.9593313803205239	0.9593310312960661	50424	
2018-03	0.9555009206136068	0.9552636588616029	0.9552636588616029	0.9552470051147081	51906	
2018-04	0.9556430727243423	0.9550267073636016	0.9550267073636016	0.9550263750152037	52759	
2018-05	0.954571795463562	0.9540297339593115	0.9540297339593115	0.9540207642889844	53615	
2018-06	0.9532162547111511	0.9542449261537449	0.9542449261537449	0.9542260105600644	54272	
2018-07	0.9524984161059061	0.9524814314652262	0.9524814314652262	0.9524771594814714	54960	
2018-08	0.9554595266069684	0.9552722827849427	0.9552722827849427	0.9552467234974696	55528	
2018-09	0.9551644995808601	0.9550944698472953	0.9550944698472953	0.9550913892830217	56181	
2018-10	0.9545958817005158	0.9548958295458677	0.9548958295458677	0.9548942934390169	57095	
2018-11	0.9528681960972872	0.9527889733255391	0.9527889733255391	0.9527889639297634	57538	
2018-12	0.9587239302121676	0.9586299762685652	0.9586299762685652	0.9586291211792232	58006	
2018-01	0.9493333399295807	0.9408914728682171	0.9408914728682171	0.940869264641789	0	
2018-02	0.948664128780365	0.9486472514216785	0.9486472514216785	0.9486307521511188	50424	
2018-03	0.9424666961034139	0.9421917634367662	0.9421917634367662	0.9421673175359093	51906	
2018-04	0.9481541663408279	0.9481114078595956	0.9481114078595956	0.9480939991731874	52759	
2018-05	0.9468153834342956	0.9465962441314554	0.9465962441314554	0.9465553537336562	53615	
2018-06	0.9406947195529938	0.9421729548370119	0.9421729548370119	0.9421119382973282	54272	
2018-07	0.9497164587179819	0.949696151249156	0.949696151249156	0.9496895222774264	54960	
2018-08	0.9483394878251212	0.9481627460273905	0.9481627460273905	0.9481374685843658	55528	
2018-09	0.9473415911197662	0.9470278664481063	0.9470278664481063	0.947025117280973	56181	
2018-10	0.9519268214702606	0.95162345925899	0.95162345925899	0.9516219718592113	57095	
2018-11	0.9508322043852373	0.9507737747284866	0.9507737747284866	0.9507733363018058	57538	
2018-12	0.955775471834036	0.9556302162493667	0.9556302162493667	0.9556175721920588	58006	
2018-01	0.9385625123977661	0.9444444444444444	0.9444444444444444	0.944440218866174	0	
2018-02	0.9551790058612823	0.9551955884887128	0.9551955884887128	0.9551401497919034	50424	
2018-03	0.9530575275421143	0.9526619709372423	0.9526619709372423	0.9526618319798471	51906	
2018-04	0.9551322907209396	0.9550267073636016	0.9550267073636016	0.9550225742942391	52759	
2018-05	0.9514384627342224	0.9517996870109546	0.9517996870109546	0.9517723984192112	53615	
2018-06	0.9546554982662201	0.9536528403670932	0.9536528403670932	0.9536523388888636	54272	
2018-07	0.9557948609193166	0.9558293945532298	0.9558293945532298	0.9558227473480863	54960	
2018-08	0.9531865034784589	0.953451243545289	0.953451243545289	0.953423463979216	55528	
2018-09	0.951081208884716	0.950996462772841	0.950996462772841	0.9509812789719936	56181	
2018-10	0.9548678874969483	0.953477802421554	0.953477802421554	0.9534770514358835	57095	
2018-11	0.9536810138008811	0.95371196504938	0.95371196504938	0.9537055537674237	57538	
2018-12	0.9581088561278123	0.9580700210649815	0.9580700210649815	0.9580667446898263	58006	
