2018-01	0.9505000114440918	0.9431524547803618	0.9431524547803618	0.9430882352941177	0	
2018-02	0.9343036711215973	0.9343443046699983	0.9343443046699983	0.9342838552313584	55722	
2018-03	0.9484111269315084	0.9489815343613174	0.9489815343613174	0.9489815341558844	104445	
2018-04	0.957250103354454	0.9578405188859214	0.9578405188859214	0.9578404878169717	141817	
2018-05	0.9632076859474182	0.9620500782472613	0.9620500782472613	0.962045967701408	188690	
2018-06	0.9633777240912119	0.9639814479786849	0.9639814479786849	0.9639813655141587	230010	
2018-07	0.9643378853797913	0.9644103083502138	0.9644103083502138	0.9644099094259837	273570	
2018-08	0.9646793689046588	0.96465188215631	0.96465188215631	0.9646501327975217	319848	
2018-09	0.9640237912535667	0.9640238115779484	0.9640238115779484	0.9640205416561585	360730	
2018-10	0.9652238428592682	0.9656764716576374	0.9656764716576374	0.9656764128494852	399045	
2018-11	0.9657858772711321	0.9658339230224903	0.9658339230224903	0.9658304114333952	402259	
2018-12	0.9671454658875098	0.9669893075220649	0.9669893075220649	0.9669890912163834	403121	
2018-01	0.9203333258628845	0.9237726098191215	0.9237726098191215	0.923769102561093	0	
2018-02	0.9454095959663391	0.9453730828881612	0.9453730828881612	0.9453250498399104	55722	
2018-03	0.9545810222625732	0.9546291008312711	0.9546291008312711	0.9546243057496853	104445	
2018-04	0.9575126767158508	0.9574589851201831	0.9574589851201831	0.9574569224936569	141817	
2018-05	0.9618358850479126	0.9632237871674492	0.9632237871674492	0.9632237599221871	188690	
2018-06	0.9619322319825491	0.9618104667609618	0.9618104667609618	0.9618097024763426	230010	
2018-07	0.963526318470637	0.9634818816115237	0.9634818816115237	0.9634814080227891	273570	
2018-08	0.9671849352972848	0.9669967819991518	0.9669967819991518	0.9669965334926154	319848	
2018-09	0.9668571203947067	0.9668924165300664	0.9668924165300664	0.9668913992388861	360730	
2018-10	0.9659714639186859	0.9661309675308148	0.9661309675308148	0.9661295247842192	399045	
2018-11	0.9654585719108582	0.9654954927237486	0.9654954927237486	0.9654934431186556	402259	
2018-12	0.9655824441176194	0.9656427485801136	0.9656427485801136	0.9656357683452216	403121	
2018-01	0.9546875059604645	0.9463824289405685	0.9463824289405685	0.9463820709363816	0	
2018-02	0.9560871422290802	0.9559710494571774	0.9559710494571774	0.9559671655887815	55722	
2018-03	0.9582006931304932	0.9583095374071959	0.9583095374071959	0.9583068720939525	104445	
2018-04	0.962322324514389	0.9619896985883251	0.9619896985883251	0.9619890739447375	141817	
2018-05	0.9650410175323486	0.9642018779342723	0.9642018779342723	0.9642018734959011	188690	
2018-06	0.9603798190752665	0.961349955593566	0.961349955593566	0.9613498746316977	230010	
2018-07	0.9656610091527303	0.9656763448120639	0.9656763448120639	0.9656755596330064	273570	
2018-08	0.9661287154470172	0.9661236809938384	0.9661236809938384	0.9661224767890737	319848	
2018-09	0.9676436185836792	0.9678845656112501	0.9678845656112501	0.9678755433367915	360730	
2018-10	0.9671077787876129	0.967821692179035	0.967821692179035	0.9678216798848124	399045	
2018-11	0.9674429839307611	0.9674491585392118	0.9674491585392118	0.9674473539841757	402259	
2018-12	0.970504641532898	0.9705356904780951	0.9705356904780951	0.9705342742545237	403121	
2018-01	0.9537708461284637	0.9446059431524548	0.9446059431524548	0.9445826305126441	0	
2018-02	0.9494069218635559	0.9493365500603136	0.9493365500603136	0.9493057660285324	55722	
2018-03	0.9548897941907247	0.9545656450282378	0.9545656450282378	0.9545653067553428	104445	
2018-04	0.9617263972759247	0.9619896985883251	0.9619896985883251	0.9619872873075166	141817	
2018-05	0.9631820440292358	0.964358372456964	0.964358372456964	0.9643576758285188	188690	
2018-06	0.960935374101003	0.9620078286898457	0.9620078286898457	0.9620052180359508	230010	
2018-07	0.9660704632600149	0.9660702228224173	0.9660702228224173	0.9660701953214028	273570	
2018-08	0.9677984203611102	0.9679197744904832	0.9679197744904832	0.9679188516647148	319848	
2018-09	0.9653571248054504	0.9653394875334311	0.9653394875334311	0.9653360901769215	360730	
2018-10	0.9686018109321595	0.968548885576119	0.968548885576119	0.9685488529780095	399045	
2018-11	0.966615227135745	0.9665415500107682	0.9665415500107682	0.9665411632980123	402259	
2018-12	0.9707734126311082	0.970695677679119	0.970695677679119	0.9706942907328746	403121	
2018-01	0.949791669845581	0.9515503875968992	0.9515503875968992	0.9515502056299412	0	
2018-02	0.9568866789340973	0.9569188350853007	0.9569188350853007	0.9569130914110706	55722	
2018-03	0.9540607134501139	0.9543752776191383	0.9543752776191383	0.954375251164266	104445	
2018-04	0.9588007479906082	0.959128195345288	0.959128195345288	0.9591272470084471	141817	
2018-05	0.9610589742660522	0.960641627543036	0.960641627543036	0.9606414106626258	188690	
2018-06	0.9635700881481171	0.9632906812275912	0.9632906812275912	0.9632903805904394	230010	
2018-07	0.9649966259797415	0.9650011253657439	0.9650011253657439	0.9649998566487141	273570	
2018-08	0.9668323653084892	0.9666974330830443	0.9666974330830443	0.9666969287396103	319848	
2018-09	0.9657555669546127	0.9657924251574498	0.9657924251574498	0.9657908360442633	360730	
2018-10	0.9678208649158477	0.9680580300330873	0.9680580300330873	0.9680576687148046	399045	
2018-11	0.9646461714397777	0.9646340337814971	0.9646340337814971	0.9646338812540326	402259	
2018-12	0.966633718747359	0.966735994453777	0.966735994453777	0.9667346490989046	403121	
2018-01	0.9544374942779541	0.9458979328165374	0.9458979328165374	0.94588675333381	0	
2018-02	0.9538033306598663	0.953730828881613	0.953730828881613	0.9537290972339231	55722	
2018-03	0.9535372257232666	0.9535503521797069	0.9535503521797069	0.953539486402887	104445	
2018-04	0.9623612761497498	0.9621804654711942	0.9621804654711942	0.9621795879553074	141817	
2018-05	0.9647230625152587	0.9656103286384976	0.9656103286384976	0.9656086419546399	188690	
2018-06	0.9639620880285898	0.9651327258971745	0.9651327258971745	0.9651266584420926	230010	
2018-07	0.9665453235308329	0.9665766374071574	0.9665766374071574	0.9665764036438814	273570	
2018-08	0.9647584046636309	0.9648514481003817	0.9648514481003817	0.9648472897155187	319848	
2018-09	0.9666487500071526	0.9665473211974808	0.9665473211974808	0.9665407651271354	360730	
2018-10	0.9673869371414184	0.9674944551503473	0.9674944551503473	0.9674942261447526	399045	
2018-11	0.9672064618630842	0.9671876442174568	0.9671876442174568	0.9671855363957673	402259	
2018-12	0.9678128957748413	0.9678825693944484	0.9678825693944484	0.9678799371639084	403121	
