2018-01	0.9473541975021362	0.9471899224806202	0.9471899224806202	0.9471774886667974	
2018-02	0.9476600587368011	0.9477856281233844	0.9477856281233844	0.947773889395151	
2018-03	0.9419527798891068	0.9420648518306999	0.9420648518306999	0.9420576247264538	
2018-04	0.9485195766795765	0.9487314002289202	0.9487314002289202	0.9487309075450694	
2018-05	0.9442012218328623	0.9443661971830986	0.9443661971830986	0.9443200300483521	
2018-06	0.9488504156470299	0.9483898555968554	0.9483898555968554	0.9483732028941361	
2018-07	0.9501397907733917	0.9500900292595094	0.9500900292595094	0.9500708849482179	
2018-08	0.9450980112666175	0.9479631800833188	0.9479631800833188	0.9479367621060262	
2018-09	0.9470437740286192	0.9469200241566733	0.9469200241566733	0.9469063155405375	
2018-10	0.9480638376304081	0.9479874922735702	0.9479874922735702	0.9479863568356568	
2018-11	0.9490119670376633	0.9492354551887519	0.9492354551887519	0.9492333561322445	
2018-12	0.9569541639403293	0.956950110657814	0.956950110657814	0.9569495973418927	
2018-01	0.9426771402359009	0.9426679586563308	0.9426679586563308	0.9426674188390277	
2018-02	0.9487387239933014	0.9486472514216785	0.9486472514216785	0.9486464447049796	
2018-03	0.9401231557130814	0.9402246335427374	0.9402246335427374	0.9401932496147707	
2018-04	0.9464046250690114	0.9469191148416635	0.9469191148416635	0.9468925451106067	
2018-05	0.9419467861835773	0.9419405320813772	0.9419405320813772	0.9418861355054124	
2018-06	0.9480718933045864	0.9484885365612973	0.9484885365612973	0.9484828642855362	
2018-07	0.9467768139309354	0.9467420661715057	0.9467420661715057	0.9467127990297624	
2018-08	0.9426204618953523	0.9426247910794023	0.9426247910794023	0.9425772865288653	
2018-09	0.9466589316725731	0.9470062979898197	0.9470062979898197	0.9470017181052022	
2018-10	0.9450119691235679	0.945024179180453	0.945024179180453	0.9450214436808648	
2018-11	0.9484024734208079	0.9483278466603082	0.9483278466603082	0.9483198425330581	
2018-12	0.9543893117653696	0.9544303122416873	0.9544303122416873	0.9544290547982198	
2018-01	0.9547396302223206	0.9491279069767442	0.9491279069767442	0.9491277464289098	0	
2018-02	0.9475798408190409	0.9478717904532139	0.9478717904532139	0.9478343328131722	10921	
2018-03	0.9467833042144775	0.9467605812551558	0.9467605812551558	0.9467432849338566	11544	
2018-04	0.9480620297518644	0.9483021747424647	0.9483021747424647	0.94829678918028	11904	
2018-05	0.9390888030712421	0.9389671361502347	0.9389671361502347	0.9388943754854562	12206	
2018-06	0.9513847790658474	0.9521068385908358	0.9521068385908358	0.9521056570128913	12483	
2018-07	0.9488197068373362	0.9487114562232726	0.9487114562232726	0.9486799274932549	12726	
2018-08	0.9455501181738717	0.9478883428542919	0.9478883428542919	0.9478631036747843	12930	
2018-09	0.949980358282725	0.9491847122767665	0.9491847122767665	0.9491846483563158	13148	
2018-10	0.9486716219357082	0.9486601461658728	0.9486601461658728	0.9486579224952937	13559	
2018-11	0.949857563683481	0.9498507830046458	0.9498507830046458	0.9498506825583803	13622	
2018-12	0.954598428387391	0.9545236381089512	0.9545236381089512	0.9545202540760249	13770	
