2018-01	0.9380833208560944	0.9386304909560723	0.9386304909560723	0.9386180931789534	0	
2018-02	0.9443816542625427	0.9444252972600379	0.9444252972600379	0.9444207481529322	12270	
2018-03	0.9405927459398905	0.940732279967003	0.940732279967003	0.9406476713915384	13888	
2018-04	0.9485264867544174	0.9486837085082029	0.9486837085082029	0.9486504038078286	14899	
2018-05	0.9346025586128235	0.9356025039123631	0.9356025039123631	0.9355284953631282	15699	
2018-06	0.9404405454794565	0.9400348672741028	0.9400348672741028	0.9399640667415015	16440	
2018-07	0.940833201011022	0.940777627729012	0.940777627729012	0.9407192925530634	17202	
2018-08	0.9406160882541111	0.9404794571806321	0.9404794571806321	0.9404517307319891	17730	
2018-09	0.9396334439516068	0.9396945906306617	0.9396945906306617	0.9396707329568348	18463	
2018-10	0.946078622341156	0.9455150347234847	0.9455150347234847	0.9455130378022578	19447	
2018-11	0.9488116936250166	0.9488201089130234	0.9488201089130234	0.9488187979350631	19688	
2018-12	0.9525457758169907	0.9525504626296563	0.9525504626296563	0.9525482774077962	20060	
2018-01	0.9379791617393494	0.9433139534883721	0.9433139534883721	0.943211503958735	0	
2018-02	0.9469402432441711	0.9470101671549199	0.9470101671549199	0.9469952041349161	12270	
2018-03	0.942014733950297	0.9423186750428326	0.9423186750428326	0.9423014862600528	13888	
2018-04	0.9449695348739624	0.9454406714994277	0.9454406714994277	0.945409630047243	14899	
2018-05	0.9393820405006409	0.939319248826291	0.939319248826291	0.9392598951810333	15699	
2018-06	0.9464190204938253	0.9498700700634848	0.9498700700634848	0.9498616058058684	16440	
2018-07	0.9483469128608704	0.9483738465001126	0.9483738465001126	0.9483328685806556	17202	
2018-08	0.9419018030166626	0.9418265273031157	0.9418265273031157	0.9417979029920862	17730	
2018-09	0.9411543235182762	0.9413984988353032	0.9413984988353032	0.9413886503629147	18463	
2018-10	0.942850649356842	0.9428062393193469	0.9428062393193469	0.942802904652696	19447	
2018-11	0.943084635517814	0.9430360274436206	0.9430360274436206	0.9430358731094424	19688	
2018-12	0.9543401277982272	0.9542836573074154	0.9542836573074154	0.9542789755652392	20060	
2018-01	0.9282708168029785	0.9342700258397932	0.9342700258397932	0.9342593247884556	0	
2018-02	0.94155552983284	0.9415819403756678	0.9415819403756678	0.9415631710712393	12270	
2018-03	0.9328352212905884	0.9334983184212197	0.9334983184212197	0.9334151365678487	13888	
2018-04	0.9387060850858688	0.9390022892025944	0.9390022892025944	0.9389752951026819	14899	
2018-05	0.9340538501739502	0.9346244131455399	0.9346244131455399	0.9344194300982824	15699	
2018-06	0.9371926387151083	0.937107331995658	0.937107331995658	0.9370462454093795	16440	
2018-07	0.9349434872468313	0.9349257258609048	0.9349257258609048	0.9348233065830029	17202	
2018-08	0.933631820338113	0.9337690523112231	0.9337690523112231	0.9336623127770816	17730	
2018-09	0.9368574246764183	0.9368691225951169	0.9368691225951169	0.936784433806187	18463	
2018-10	0.9409935295581817	0.9422244846016798	0.9422244846016798	0.9422218420137751	19447	
2018-11	0.9437849413264882	0.9437898040180907	0.9437898040180907	0.9437897950261179	19688	
2018-12	0.9472387433052063	0.947204223662107	0.947204223662107	0.9471924071290513	20060	
2018-01	0.9622291922569275	0.9512273901808785	0.9512273901808785	0.9512184127389587	0	
2018-02	0.9438348114490509	0.9439083232810616	0.9439083232810616	0.9439016060121036	12270	
2018-03	0.9436130523681641	0.9438416143156292	0.9438416143156292	0.9438166783455462	13888	
2018-04	0.946862518787384	0.9466329645173598	0.9466329645173598	0.9466328478677206	14899	
2018-05	0.9407512784004212	0.9402582159624413	0.9402582159624413	0.9401890809046759	15699	
2018-06	0.9395290911197662	0.9412519325022203	0.9412519325022203	0.9411941454384498	16440	
2018-07	0.9407178858915964	0.940693225298222	0.940693225298222	0.9405981502484839	17202	
2018-08	0.944203223500933	0.9442961558610024	0.9442961558610024	0.9442387697000094	17730	
2018-09	0.9437818378210068	0.9438357346216892	0.9438357346216892	0.9438044468380132	18463	
2018-10	0.9407357752323151	0.9407700978075119	0.9407700978075119	0.9407645984374238	19447	
2018-11	0.9427857073870572	0.9428821954896471	0.9428821954896471	0.9428768473027884	19688	
2018-12	0.9496749960459195	0.9498306802122497	0.9498306802122497	0.9498238829578263	20060	
2018-01	0.9495833516120911	0.9413759689922481	0.9413759689922481	0.941352068280644	0	
2018-02	0.949557363986969	0.9495950370498019	0.9495950370498019	0.9495472999849515	12270	
2018-03	0.9435767332712809	0.9432705120883305	0.9432705120883305	0.943239391882484	13888	
2018-04	0.9436326324939728	0.9441053033193437	0.9441053033193437	0.9441052951828626	14899	
2018-05	0.9387666583061218	0.9397104851330204	0.9397104851330204	0.9396423145189072	15699	
2018-06	0.9381412367026011	0.9400677609289169	0.9400677609289169	0.9400060530060921	16440	
2018-07	0.9424731731414795	0.9425219446320054	0.9425219446320054	0.9424114399079273	17202	
2018-08	0.9400882550648281	0.9402299997505426	0.9402299997505426	0.9401507199768204	17730	
2018-09	0.9389668107032776	0.9391338107152101	0.9391338107152101	0.9390768240553526	18463	
2018-10	0.9453393518924713	0.9463331272952041	0.9463331272952041	0.9463329126736839	19447	
2018-11	0.9448545737700029	0.944866627695905	0.944866627695905	0.9448558214320003	19688	
2018-12	0.9510324322260343	0.9508439324854012	0.9508439324854012	0.9508374242356714	20060	
2018-01	0.9549583196640015	0.9420219638242894	0.9420219638242894	0.9419383335876932	0	
2018-02	0.944314569234848	0.9442529726003791	0.9442529726003791	0.9441802195784496	12270	
2018-03	0.9361621538798014	0.9361634621486135	0.9361634621486135	0.9360847580428391	13888	
2018-04	0.9421814829111099	0.9420545593285006	0.9420545593285006	0.9420302931340834	14899	
2018-05	0.9346256136894227	0.9339593114241002	0.9339593114241002	0.9337767564035397	15699	
2018-06	0.9487378001213074	0.9461859807243183	0.9461859807243183	0.946177703796198	16440	
2018-07	0.9384548962116241	0.9384706279540851	0.9384706279540851	0.9383911049800406	17202	
2018-08	0.9379929985318866	0.9380347743657544	0.9380347743657544	0.9379216821150091	17730	
2018-09	0.9397740960121155	0.939953412130101	0.939953412130101	0.9399468678091101	18463	
2018-10	0.9417673230171204	0.9416245500490855	0.9416245500490855	0.9416194324926408	19447	
2018-11	0.947144703431563	0.9470818078331231	0.9470818078331231	0.9470757757605949	19688	
2018-12	0.951648799272684	0.9517371943577847	0.9517371943577847	0.9517298054033068	20060	
