2018-01	0.9453541934490204	0.9478359173126615	0.9478359173126615	0.9478032099672941	0	
2018-02	0.9576601088047028	0.9576942960537653	0.9576942960537653	0.9576938183398286	55722	
2018-03	0.958821435769399	0.9587537280284282	0.9587537280284282	0.9587442389705929	104445	
2018-04	0.9609437137842178	0.9606066386875238	0.9606066386875238	0.9606055935629572	141817	
2018-05	0.9628487229347229	0.9625195618153365	0.9625195618153365	0.9625177029432348	188690	
2018-06	0.961018701394399	0.9621065096542877	0.9621065096542877	0.962106500429179	201054	
2018-07	0.9649894138177236	0.9649729912221472	0.9649729912221472	0.964972978995449	201682	
2018-08	0.963013734136309	0.9631052460897548	0.9631052460897548	0.9631041946184395	202330	
2018-09	0.9633388966321945	0.963290483996204	0.963290483996204	0.963286775203392	202813	
2018-10	0.9635571718215943	0.9638584881649275	0.9638584881649275	0.9638571555792752	203695	
2018-11	0.9625736529176886	0.9625573024028551	0.9625573024028551	0.9625572819881574	204344	
2018-12	0.9630055565100449	0.962976295229715	0.962976295229715	0.9629759501154777	204920	
2018-01	0.9397291839122772	0.9467054263565892	0.9467054263565892	0.9466903876561803	0	
2018-02	0.9555754363536835	0.9554540754782009	0.9554540754782009	0.9554527628650827	55722	
2018-03	0.9584389328956604	0.9594517418617933	0.9594517418617933	0.9594477680559147	104445	
2018-04	0.9591412842273712	0.959128195345288	0.959128195345288	0.9591265999461928	141817	
2018-05	0.9660281896591186	0.9672535211267606	0.9672535211267606	0.9672493919691356	188690	
2018-06	0.9661266803741455	0.9667774086378738	0.9667774086378738	0.9667767534982503	201054	
2018-07	0.9663178126017252	0.9662952959711907	0.9662952959711907	0.9662947580216541	201682	
2018-08	0.9665284241948809	0.9666475415970265	0.9666475415970265	0.9666469275726282	202330	
2018-09	0.9629092514514923	0.9629669571219049	0.9629669571219049	0.9629669087291985	202813	
2018-10	0.9650726556777954	0.9653310547940225	0.9653310547940225	0.9653302256395527	203695	
2018-11	0.964167676188729	0.964187921114974	0.964187921114974	0.9641874958850303	204344	
2018-12	0.9649667464769803	0.964922806175506	0.964922806175506	0.9649221312855215	204920	
2018-01	0.9379999935626984	0.938468992248062	0.938468992248062	0.9384667951416679	0	
2018-02	0.953013688325882	0.9530415302429778	0.9530415302429778	0.9530181330009907	55722	
2018-03	0.9523598750432333	0.9522812361190431	0.9522812361190431	0.9522800968568305	104445	
2018-04	0.9601005166769028	0.9601774132010683	0.9601774132010683	0.9601773145630343	141817	
2018-05	0.9624512791633606	0.9628325508607198	0.9628325508607198	0.9628325062583802	188690	
2018-06	0.9627398749192556	0.963685405085359	0.963685405085359	0.9636851343999244	201054	
2018-07	0.9613428215185801	0.9613999549853702	0.9613999549853702	0.9613999471637764	201682	
2018-08	0.964349091053009	0.9643525332402025	0.9643525332402025	0.9643524182428203	202330	
2018-09	0.9610420316457748	0.960961090501251	0.960961090501251	0.9609594120770919	202813	
2018-10	0.9654660880565643	0.9647674799112824	0.9647674799112824	0.9647662117716063	203695	
2018-11	0.9639497561888262	0.9640033227702058	0.9640033227702058	0.9640022672815063	204344	
2018-12	0.9644553523797256	0.964762818974482	0.964762818974482	0.9647600489310647	204920	
2018-01	0.9316250085830688	0.9358850129198967	0.9358850129198967	0.9358791913365605	0	
2018-02	0.9516510665416718	0.9516629329657074	0.9516629329657074	0.9516592720409647	55722	
2018-03	0.9537583788235983	0.95361380798274	0.95361380798274	0.9536084093995896	104445	
2018-04	0.9615135788917542	0.9619896985883251	0.9619896985883251	0.9619880758556828	141817	
2018-05	0.9629871726036072	0.9627934272300469	0.9627934272300469	0.9627933492645724	188690	
2018-06	0.9652624527613322	0.9643761718364527	0.9643761718364527	0.9643720749871343	201054	
2018-07	0.9633241891860962	0.9633974791807337	0.9633974791807337	0.9633948190975727	201682	
2018-08	0.9627224462372916	0.9625314940005488	0.9625314940005488	0.9625300943885543	202330	
2018-09	0.9592712596058846	0.9593218876714692	0.9593218876714692	0.9593214388793418	202813	
2018-10	0.964385735988617	0.9640402865141985	0.9640402865141985	0.9640402613657	203695	
2018-11	0.964503905989907	0.9645109682183183	0.9645109682183183	0.9645108492907217	204344	
2018-12	0.9663645395865808	0.9664693491187372	0.9664693491187372	0.9664688374465149	204920	
2018-01	0.835687518119812	0.8525516795865633	0.8525516795865633	0.8524338101884459	0	
2018-02	0.9552375972270966	0.9551955884887128	0.9551955884887128	0.9551840780178078	55722	
2018-03	0.9543598890304565	0.9545656450282378	0.9545656450282378	0.9545625052450597	104445	
2018-04	0.9592102319002151	0.9599866463181992	0.9599866463181992	0.9599863506232831	141817	
2018-05	0.9621538400650025	0.9632629107981221	0.9632629107981221	0.9632604543666429	188690	
2018-06	0.9622398813565572	0.9630933192987072	0.9630933192987072	0.9630932703810204	201054	
2018-07	0.9647283454736074	0.9647479180733739	0.9647479180733739	0.9647479100093814	201682	
2018-08	0.9638987268720355	0.9637288896649787	0.9637288896649787	0.963728478301056	202330	
2018-09	0.961208663880825	0.9610042274178242	0.9610042274178242	0.9610041170490626	202813	
2018-10	0.9640357315540313	0.9636585099807293	0.9636585099807293	0.9636561739008132	203695	
2018-11	0.9614135460420088	0.961449712334246	0.961449712334246	0.9614485819689977	204344	
2018-12	0.9619162311920753	0.9619497106898115	0.9619497106898115	0.9619492947082684	204920	
2018-01	0.9603958427906036	0.9476744186046512	0.9476744186046512	0.9476330668691382	0	
2018-02	0.9522226750850677	0.9522660692745132	0.9522660692745132	0.9522613003392043	55722	
2018-03	0.9543417096138	0.9552636588616029	0.9552636588616029	0.9552636408478863	104445	
2018-04	0.9602509886026382	0.9612266310568486	0.9612266310568486	0.9612256587373151	141817	
2018-05	0.9623000025749207	0.9644366197183099	0.9644366197183099	0.9644280381407387	188690	
2018-06	0.9645968476931254	0.9640472352883129	0.9640472352883129	0.9640472226845067	201054	
2018-07	0.9648299515247345	0.9648323205041639	0.9648323205041639	0.9648270765930109	201682	
2018-08	0.966593759400504	0.9666225958540176	0.9666225958540176	0.9666212663067346	202330	
2018-09	0.9616280272603035	0.9618022603744284	0.9618022603744284	0.9618022141558326	202813	
2018-10	0.965548825263977	0.9647674799112824	0.9647674799112824	0.9647674507998251	203695	
2018-11	0.9638858112421903	0.9638956404024244	0.9638956404024244	0.9638955632941655	204344	
2018-12	0.9663773087354807	0.9664693491187372	0.9664693491187372	0.9664693426282405	204920	
