1	0.90110	0.89730	0.90212	0.90478	168002	1.17032	
2	0.89919	0.90206	0.89791	0.51004	45235	1.15898	
3	0.90527	0.90497	0.90198	0.45590	25116	1.19040	
4	0.86033	0.84801	0.84804	0.33970	15139	1.20455	
5	0.84255	0.85330	0.84526	0.27605	14025	1.19514	
6	0.80684	0.80389	0.80302	0.24544	14728	1.21170	
7	0.81356	0.80041	0.80276	0.22593	14768	1.26739	
8	0.77793	0.77960	0.77571	0.21302	36866	1.26995	
9	0.79193	0.78124	0.79422	0.19692	36597	1.30484	
10	0.79125	0.79043	0.79655	0.19372	15702	1.27967	
11	0.77225	0.76959	0.77210	0.16915	17857	1.32141	
1	0.89971	0.89649	0.89831	0.90055	168002	1.22353	
2	0.89680	0.89224	0.89934	0.52256	45235	1.21134	
3	0.89925	0.89790	0.90048	0.44172	25116	1.21713	
4	0.84971	0.84548	0.85738	0.35505	15139	1.23122	
5	0.84995	0.85358	0.84501	0.28215	14025	1.19678	
6	0.80814	0.79576	0.81504	0.27628	14728	1.27641	
7	0.80916	0.80633	0.79926	0.22868	14768	1.26339	
8	0.79357	0.78549	0.77624	0.22448	36866	1.34838	
9	0.78907	0.79040	0.78126	0.20927	36597	1.38053	
10	0.77582	0.78059	0.78134	0.19202	15702	1.33815	
11	0.77936	0.78158	0.78991	0.17900	17857	1.36791	
1	0.89837	0.90185	0.90126	0.90397	168002	1.25028	
2	0.89849	0.89907	0.89813	0.56930	45235	1.24144	
3	0.90358	0.90474	0.90691	0.42660	25116	1.25563	
4	0.85070	0.84760	0.84794	0.37429	15139	1.24764	
5	0.85313	0.84478	0.85123	0.30069	14025	1.26084	
6	0.81785	0.81928	0.81181	0.26336	14728	1.32217	
7	0.79111	0.79998	0.78398	0.22417	14768	1.34624	
8	0.78904	0.78149	0.78752	0.23217	36866	1.35327	
9	0.78840	0.78226	0.78263	0.20431	36597	1.40603	
10	0.77861	0.77087	0.77781	0.19240	15702	1.42388	
11	0.77611	0.77892	0.78621	0.17157	17857	1.45191	
1	0.89853	0.89746	0.89622	0.90067	168002	1.18768	
2	0.89890	0.90117	0.89960	0.53344	45235	1.22515	
3	0.90896	0.90889	0.90824	0.46225	25116	1.24211	
4	0.84309	0.83456	0.84900	0.36604	15139	1.27600	
5	0.84676	0.84625	0.84370	0.28373	14025	1.22050	
6	0.79806	0.79599	0.79478	0.25223	14728	1.26870	
7	0.81401	0.79703	0.80940	0.22357	14768	1.28932	
8	0.78308	0.78159	0.78839	0.22206	36866	1.32328	
9	0.78531	0.78500	0.77147	0.19410	36597	1.34888	
10	0.77516	0.77040	0.77495	0.18665	15702	1.32285	
11	0.76887	0.76988	0.77093	0.17019	17857	1.33938	
1	0.89580	0.89922	0.89462	0.90233	168002	1.19782	
2	0.89593	0.89627	0.89482	0.51164	45235	1.22732	
3	0.90194	0.89750	0.90514	0.43823	25116	1.21895	
4	0.85803	0.86821	0.87203	0.34669	15139	1.24926	
5	0.85457	0.84502	0.85402	0.28608	14025	1.23755	
6	0.79197	0.79505	0.80155	0.26130	14728	1.24778	
7	0.80341	0.79321	0.79704	0.23360	14768	1.29931	
8	0.78296	0.77596	0.78154	0.22644	36866	1.29453	
9	0.78104	0.78556	0.78556	0.19556	36597	1.33163	
10	0.77276	0.76597	0.77761	0.19360	15702	1.33720	
11	0.77331	0.76972	0.77651	0.17326	17857	1.34737	
1	0.89821	0.89681	0.89703	0.90236	168002	1.24076	
2	0.90192	0.89971	0.89973	0.52602	45235	1.24436	
3	0.90560	0.90229	0.89961	0.41948	25116	1.24107	
4	0.86077	0.86188	0.85836	0.37722	15139	1.23342	
5	0.84676	0.85822	0.85180	0.28646	14025	1.21947	
6	0.80370	0.79527	0.79353	0.28398	14728	1.25130	
7	0.80719	0.80942	0.80549	0.22148	14768	1.30047	
8	0.78785	0.78853	0.79077	0.21999	36866	1.29870	
9	0.78514	0.77483	0.76846	0.20222	36597	1.33797	
10	0.78637	0.78515	0.78310	0.20419	15702	1.33235	
11	0.77429	0.77150	0.77336	0.17864	17857	1.36685	
1	0.90120	0.89858	0.89585	0.90180	168002	1.22877	
2	0.89635	0.89524	0.89441	0.48568	45235	1.23138	
3	0.90603	0.90451	0.90636	0.45755	25116	1.23136	
4	0.83260	0.83911	0.83548	0.36970	15139	1.25045	
5	0.84106	0.83053	0.84056	0.28457	14025	1.25117	
6	0.79893	0.81408	0.79169	0.26325	14728	1.22321	
7	0.79720	0.80026	0.80525	0.22632	14768	1.22656	
8	0.79396	0.78781	0.78535	0.22230	36866	1.28623	
9	0.78574	0.78529	0.78843	0.19552	36597	1.33327	
10	0.78379	0.78763	0.78161	0.18779	15702	1.30946	
11	0.77121	0.77075	0.77315	0.17535	17857	1.31048	
1	0.90404	0.90286	0.90490	0.91027	168002	1.22383	
2	0.89792	0.89952	0.89554	0.55093	45235	1.20215	
3	0.90427	0.90556	0.90363	0.43871	25116	1.23288	
4	0.85357	0.85713	0.84703	0.36468	15139	1.25100	
5	0.84310	0.84368	0.84606	0.28579	14025	1.19638	
6	0.79936	0.80631	0.79856	0.25971	14728	1.26696	
7	0.81380	0.80557	0.79779	0.22516	14768	1.29134	
8	0.76585	0.77363	0.78522	0.21275	36866	1.31686	
9	0.79112	0.78439	0.79003	0.20133	36597	1.35421	
10	0.77891	0.78065	0.77992	0.19295	15702	1.34622	
11	0.76467	0.75785	0.76739	0.17605	17857	1.33632	
1	0.90319	0.89826	0.90142	0.90182	168002	1.21469	
2	0.89965	0.90465	0.90251	0.51370	45235	1.22360	
3	0.90249	0.91020	0.90546	0.45762	25116	1.24653	
4	0.86070	0.85914	0.86546	0.37282	15139	1.18932	
5	0.84579	0.85558	0.85684	0.29552	14025	1.23582	
6	0.80226	0.80447	0.79097	0.24515	14728	1.20830	
7	0.79370	0.79408	0.80059	0.22581	14768	1.25460	
8	0.77689	0.77503	0.76800	0.21700	36866	1.27328	
9	0.77368	0.76488	0.76837	0.18598	36597	1.30591	
10	0.78282	0.78695	0.78066	0.19055	15702	1.27843	
11	0.78496	0.77557	0.76965	0.16969	17857	1.31945	
