1	0.9823131443298969	0.9825628959276018	0.9802414831545267	0.9804949278990961	
2	0.9744754728132388	0.9742769304635247	0.9750977109043185	0.9738999748366094	
3	0.9708634269268149	0.9703478604119776	0.9709458264486671	0.969832588962662	
4	0.9710314420068281	0.9715601173496725	0.9697842858574511	0.9682936042136336	
5	0.9676391243259342	0.9699456468391295	0.9681297150253236	0.9664940380493615	
6	0.9664610340389572	0.9681420077533249	0.966038820034466	0.9650779239027037	
7	0.96408208300156	0.9635488588332661	0.9632720599485322	0.9614628261591119	
8	0.962071317332294	0.9641772370768374	0.9620073115063578	0.9605558914147021	
9	0.9548351043049943	0.9571741513065398	0.9562666847426023	0.9538132018025625	
10	0.9542519460224443	0.9567146393708766	0.9548140387414522	0.9528055173926384	
11	0.9612339702102646	0.9631576178264738	0.9607873788277801	0.9593490226725414	
12	0.9541979376492016	0.9583261338724444	0.953595678629089	0.9520584022923475	
13	0.9628285104499871	0.9642788794141753	0.9634135183307948	0.9617503227175697	
14	0.9447248594245201	0.9468040594174953	0.9459789720247002	0.9423981761940351	
15	0.947239841189227	0.9488967115860871	0.9478634587959311	0.9456163201290965	
16	0.9437806567597663	0.9446226529316026	0.9444172705852758	0.9414885672266673	
17	0.944079995537819	0.9455639872510323	0.944560108462404	0.9419569484207428	
18	0.944449399204239	0.945540052429663	0.9439920663279003	0.9417616632275634	
19	0.9452190583796745	0.9467436424520832	0.9448470610010715	0.9424013324816607	
20	0.9426037039375086	0.9448982442985734	0.942651222899376	0.940131737305524	
1	0.9536458333333334	0.9536458333333334	0.9536458333333334	0.9508351941517775	
1	0.9481546336206896	0.9481546336206896	0.9481546336206896	0.9473947235414277	
2	0.9209111553378241	0.9209111553378241	0.9209111553378241	0.9190385484452495	
2	0.9654402709359606	0.9654402709359606	0.9654402709359606	0.9647872087977583	
3	0.9013573941792711	0.9013573941792711	0.9013573941792711	0.8986235007841227	
3	0.9788512537762076	0.9788512537762076	0.9788512537762076	0.9784156942447942	
4	0.9338112557381637	0.9338112557381637	0.9338112557381637	0.9326632446651136	
4	0.9561107435314526	0.9561107435314526	0.9561107435314526	0.9545817432022823	
5	0.9386753875656687	0.9386753875656687	0.9386753875656687	0.9373420236840181	
5	0.9538240544062454	0.9538240544062454	0.9538240544062454	0.9524122282085232	
6	0.9345103662528845	0.9345103662528845	0.9345103662528845	0.9329749524585811	
6	0.9576670127486184	0.9576670127486184	0.9576670127486184	0.9560539943412426	
7	0.9340225159898047	0.9340225159898047	0.9340225159898047	0.9317613715439644	
7	0.9542188124500898	0.9542188124500898	0.9542188124500898	0.952017956427228	
8	0.9402190222140523	0.9402190222140523	0.9402190222140523	0.9369584437486547	
8	0.9540968198229001	0.9540968198229001	0.9540968198229001	0.9527034816407576	
9	0.9418128997788722	0.9418128997788722	0.9418128997788722	0.9378760998031486	
9	0.9562726291295515	0.9562726291295515	0.9562726291295515	0.9550547737267876	
10	0.930225740792789	0.930225740792789	0.930225740792789	0.9250405348086389	
10	0.9507599396474886	0.9507599396474886	0.9507599396474886	0.9482303118149092	
11	0.9408572372952894	0.9408572372952894	0.9408572372952894	0.9375407522333217	
11	0.9499098123118238	0.9499098123118238	0.9499098123118238	0.948099916229986	
12	0.938844241379619	0.938844241379619	0.938844241379619	0.934569249875071	
12	0.9509296386882983	0.9509296386882983	0.9509296386882983	0.9472257312426152	
13	0.9323735958541998	0.9323735958541998	0.9323735958541998	0.9267688218816752	
13	0.9429060441670074	0.9429060441670074	0.9429060441670074	0.940368858336072	
14	0.9422901057231438	0.9422901057231438	0.9422901057231438	0.9397602785789011	
14	0.943065943455366	0.943065943455366	0.943065943455366	0.9400327558915145	
15	0.9421332190127919	0.9421332190127919	0.9421332190127919	0.9383654093442805	
15	0.9494173423461606	0.9494173423461606	0.9494173423461606	0.9471824566478986	
16	0.9427761461292347	0.9427761461292347	0.9427761461292347	0.9396590193445176	
16	0.9467146564150795	0.9467146564150795	0.9467146564150795	0.942763877908841	
17	0.9358603296572171	0.9358603296572171	0.9358603296572171	0.9318944999853467	
17	0.9461558664556087	0.9461558664556087	0.9461558664556087	0.9414827495844333	
18	0.9393455807320947	0.9393455807320947	0.9393455807320947	0.9357497698232444	
18	0.9455264149402763	0.9455264149402763	0.9455264149402763	0.9418834738258846	
19	0.9425125678823028	0.9425125678823028	0.9425125678823028	0.9396411980127786	
19	0.954270419013198	0.954270419013198	0.954270419013198	0.9514286424209737	
20	0.9382909308759478	0.9382909308759478	0.9382909308759478	0.93483741616736	
1	0.8857823849878934	0.8857823849878934	0.8857823849878934	0.8839479741502032	
20	0.9466396356975197	0.9466396356975197	0.9466396356975197	0.943193606339392	
2	0.9358095326712912	0.9358095326712912	0.9358095326712912	0.9317363943250453	
1	0.9709043904208999	0.9709043904208999	0.9709043904208999	0.9707445954955032	
2	0.9498056152279324	0.9498056152279324	0.9498056152279324	0.9488957561507908	
3	0.9536289391691936	0.9536289391691936	0.9536289391691936	0.9528364187959214	
3	0.9432867108088571	0.9432867108088571	0.9432867108088571	0.9417987347082794	
4	0.9555457252914651	0.9555457252914651	0.9555457252914651	0.9546449438821103	
4	0.9545851464222347	0.9545851464222347	0.9545851464222347	0.9551131301547972	
5	0.9637697297570125	0.9637697297570125	0.9637697297570125	0.9625158362446852	
5	0.9597757707547819	0.9597757707547819	0.9597757707547819	0.9574853483467759	
6	0.9667864019601983	0.9667864019601983	0.9667864019601983	0.965458242727859	
6	0.9583632411809782	0.9583632411809782	0.9583632411809782	0.9575103368113012	
7	0.9490107764923448	0.9490107764923448	0.9490107764923448	0.947688303101841	
7	0.9598220117547401	0.9598220117547401	0.9598220117547401	0.9588100163883733	
8	0.9605584346317877	0.9605584346317877	0.9605584346317877	0.9589189891839646	
8	0.9505996500917105	0.9505996500917105	0.9505996500917105	0.9487727689031464	
9	0.9552396332086346	0.9552396332086346	0.9552396332086346	0.9533574146111603	
9	0.9405504703256761	0.9405504703256761	0.9405504703256761	0.9389348399135911	
10	0.9396848030019662	0.9396848030019662	0.9396848030019662	0.9374642689752338	
10	0.9455792592587453	0.9455792592587453	0.9455792592587453	0.9455848016211341	
11	0.9448328141087863	0.9448328141087863	0.9448328141087863	0.9429872267532424	
11	0.9417650955002134	0.9417650955002134	0.9417650955002134	0.93974511392537	
12	0.9305962958872797	0.9305962958872797	0.9305962958872797	0.9268881984621823	
12	0.9446250801910376	0.9446250801910376	0.9446250801910376	0.942198245161879	
13	0.9491961377689643	0.9491961377689643	0.9491961377689643	0.9473085450000678	
13	0.9479174171225407	0.9479174171225407	0.9479174171225407	0.9460956449002725	
14	0.9509362170243084	0.9509362170243084	0.9509362170243084	0.9493016134751351	
14	0.9508887291224967	0.9508887291224967	0.9508887291224967	0.9495286150890053	
15	0.9489075439908963	0.9489075439908963	0.9489075439908963	0.9472228038594217	
15	0.9485171836369096	0.9485171836369096	0.9485171836369096	0.9464709559991048	
16	0.953432518694693	0.953432518694693	0.953432518694693	0.951857758103331	
16	0.9430687955796806	0.9430687955796806	0.9430687955796806	0.9403242319872953	
17	0.954243733356504	0.954243733356504	0.954243733356504	0.9521809841870711	
17	0.9408795895545417	0.9408795895545417	0.9408795895545417	0.93894754208935	
18	0.9511265952860681	0.9511265952860681	0.9511265952860681	0.9494468050755039	
18	0.9418830202697218	0.9418830202697218	0.9418830202697218	0.9395979979508403	
19	0.9507661262310614	0.9507661262310614	0.9507661262310614	0.9489003463792881	
19	0.9418779197799669	0.9418779197799669	0.9418779197799669	0.937626829952438	
20	0.9424197816588281	0.9424197816588281	0.9424197816588281	0.9390333623308404	
20	0.9435145816675645	0.9435145816675645	0.9435145816675645	0.9412262482683712	
1	0.9431541666666666	0.9431541666666666	0.9431541666666666	0.9391682986752994	
1	0.9973817567567567	0.9973817567567567	0.9973817567567567	0.9974142692755645	
2	0.9557412878787879	0.9557412878787879	0.9557412878787879	0.9538205792372616	
2	0.9969866071428571	0.9969866071428571	0.9969866071428571	0.9968667024194912	
3	0.9649376743626744	0.9649376743626744	0.9649376743626744	0.9635605290138818	
3	0.984831073633157	0.984831073633157	0.984831073633157	0.9842594139302993	
4	0.9528759371333031	0.9528759371333031	0.9528759371333031	0.9517257501857288	
4	0.9839653982283506	0.9839653982283506	0.9839653982283506	0.983711245048961	
5	0.9535471619055548	0.9535471619055548	0.9535471619055548	0.9504782151377956	
5	0.9743952675654978	0.9743952675654978	0.9743952675654978	0.9734871517252998	
6	0.9419055459917067	0.9419055459917067	0.9419055459917067	0.94062042853195	
6	0.9767534408497592	0.9767534408497592	0.9767534408497592	0.9760480664184018	
7	0.9426326807687777	0.9426326807687777	0.9426326807687777	0.9421569900680166	
7	0.9749766788866577	0.9749766788866577	0.9749766788866577	0.974368118930043	
8	0.9259191715278768	0.9259191715278768	0.9259191715278768	0.9240152409338753	
8	0.9758237956065607	0.9758237956065607	0.9758237956065607	0.9750077588782503	
9	0.9433847673793357	0.9433847673793357	0.9433847673793357	0.9413187217247803	
9	0.9717271529333755	0.9717271529333755	0.9717271529333755	0.9704817483392773	
10	0.9369407386735288	0.9369407386735288	0.9369407386735288	0.9333113038187996	
10	0.9609066040969771	0.9609066040969771	0.9609066040969771	0.9596416650322507	
11	0.9358834639342231	0.9358834639342231	0.9358834639342231	0.9328932410253002	
11	0.9594855661137441	0.9594855661137441	0.9594855661137441	0.9560317907059633	
12	0.9213746616130822	0.9213746616130822	0.9213746616130822	0.9187513017774595	
12	0.9602637842366794	0.9602637842366794	0.9602637842366794	0.9583613831664478	
13	0.9285360177335809	0.9285360177335809	0.9285360177335809	0.9252624141598942	
13	0.9614779908402388	0.9614779908402388	0.9614779908402388	0.960059150184528	
14	0.9278303794364978	0.9278303794364978	0.9278303794364978	0.9248628386380419	
14	0.9583537619835368	0.9583537619835368	0.9583537619835368	0.956992283410439	
15	0.9391192586746343	0.9391192586746343	0.9391192586746343	0.936823899071598	
15	0.9529407937684183	0.9529407937684183	0.9529407937684183	0.9515927493568923	
16	0.9439385265493063	0.9439385265493063	0.9439385265493063	0.9416889526885976	
16	0.9427909552717649	0.9427909552717649	0.9427909552717649	0.9387954551835254	
17	0.9461002544595616	0.9461002544595616	0.9461002544595616	0.943393730532078	
17	0.9530347392034334	0.9530347392034334	0.9530347392034334	0.9505697560760318	
18	0.9336345725178826	0.9336345725178826	0.9336345725178826	0.9308239104166971	
18	0.9463164139569508	0.9463164139569508	0.9463164139569508	0.9433039586607881	
19	0.9448454899972935	0.9448454899972935	0.9448454899972935	0.9412221584944601	
19	0.9453440823578546	0.9453440823578546	0.9453440823578546	0.9431500681528703	
20	0.9320928555326764	0.9320928555326764	0.9320928555326764	0.9299735006544635	
20	0.9496698102054335	0.9496698102054335	0.9496698102054335	0.9474257866910396	
1	1.0	1.0	1.0	1.0	
1	0.9521780303030304	0.9521780303030304	0.9521780303030304	0.9507592367994323	
2	0.9703898787078934	0.9703898787078934	0.9703898787078934	0.9699913229647881	
2	0.9748324592074593	0.9748324592074593	0.9748324592074593	0.9730830951848659	
3	0.9843338510617922	0.9843338510617922	0.9843338510617922	0.9836625674789549	
3	0.9489634374487453	0.9489634374487453	0.9489634374487453	0.9447050479108542	
4	0.9630793383829123	0.9630793383829123	0.9630793383829123	0.9616025099959008	
4	0.956543748477205	0.956543748477205	0.956543748477205	0.9550672332947251	
5	0.9589943010332798	0.9589943010332798	0.9589943010332798	0.9572671374682413	
5	0.9586222978943431	0.9586222978943431	0.9586222978943431	0.9568095883586523	
6	0.956654445995703	0.956654445995703	0.956654445995703	0.955607679273682	
6	0.9499806389867916	0.9499806389867916	0.9499806389867916	0.9489623412101081	
7	0.954566793056831	0.954566793056831	0.954566793056831	0.9531751058361196	
7	0.9584939108133514	0.9584939108133514	0.9584939108133514	0.9559306792144804	
8	0.9560234727874111	0.9560234727874111	0.9560234727874111	0.9544124598798216	
8	0.9463514061885652	0.9463514061885652	0.9463514061885652	0.942881086794408	
9	0.9403071314167138	0.9403071314167138	0.9403071314167138	0.9381055088898564	
9	0.9538481705577363	0.9538481705577363	0.9538481705577363	0.9525832404641977	
10	0.9409544866416362	0.9409544866416362	0.9409544866416362	0.9377440608892813	
10	0.9445251178661829	0.9445251178661829	0.9445251178661829	0.9421292758722825	
11	0.9480718651962442	0.9480718651962442	0.9480718651962442	0.9448822933293247	
11	0.9381871355130463	0.9381871355130463	0.9381871355130463	0.9343836284184186	
12	0.9369433489501523	0.9369433489501523	0.9369433489501523	0.9333029022030347	
12	0.9391417013084064	0.9391417013084064	0.9391417013084064	0.9350005155186653	
13	0.940514335585016	0.940514335585016	0.940514335585016	0.9380742725312469	
13	0.9375396893150426	0.9375396893150426	0.9375396893150426	0.9318245950366759	
14	0.9409262206786752	0.9409262206786752	0.9409262206786752	0.9381733341954771	
14	0.9321506748662834	0.9321506748662834	0.9321506748662834	0.927748927032677	
15	0.9411946298692815	0.9411946298692815	0.9411946298692815	0.9392873548509254	
15	0.9311025781611609	0.9311025781611609	0.9311025781611609	0.9265226550255137	
16	0.9398722664730459	0.9398722664730459	0.9398722664730459	0.9378618021240108	
16	0.9372206762291446	0.9372206762291446	0.9372206762291446	0.9340728934710361	
17	0.9351164228658564	0.9351164228658564	0.9351164228658564	0.9324900192663078	
17	0.93573466716989	0.93573466716989	0.93573466716989	0.9320347148302174	
18	0.9417294156609949	0.9417294156609949	0.9417294156609949	0.939488940585114	
18	0.9391910311216025	0.9391910311216025	0.9391910311216025	0.9355038493922565	
19	0.9453922321007543	0.9453922321007543	0.9453922321007543	0.9436937009213806	
19	0.940871274863882	0.940871274863882	0.940871274863882	0.9375616801236389	
20	0.944810390907762	0.944810390907762	0.944810390907762	0.9428656581554534	
20	0.9345349854970009	0.9345349854970009	0.9345349854970009	0.9307825588265788	
1	0.9796875	0.9796875	0.9796875	0.9795572672242094	
1	0.8997001262626263	0.8997001262626263	0.8997001262626263	0.9005681689394783	
2	0.9611509947447447	0.9611509947447447	0.9611509947447447	0.9587854737386999	
2	0.9313287623834499	0.9313287623834499	0.9313287623834499	0.9268877291099595	
3	0.9554302349224223	0.9554302349224223	0.9554302349224223	0.9531881397924424	
3	0.9416986493491829	0.9416986493491829	0.9416986493491829	0.9384123680972909	
4	0.9550572929899328	0.9550572929899328	0.9550572929899328	0.9521173306342136	
4	0.9554462031024531	0.9554462031024531	0.9554462031024531	0.9537089914812313	
5	0.9514922338550609	0.9514922338550609	0.9514922338550609	0.9483724849551436	
5	0.9413931996929652	0.9413931996929652	0.9413931996929652	0.9409228950514439	
6	0.9584960343340613	0.9584960343340613	0.9584960343340613	0.9575573359151264	
6	0.9420118456262082	0.9420118456262082	0.9420118456262082	0.9415723500835415	
7	0.9425243127539256	0.9425243127539256	0.9425243127539256	0.9403602504651191	
7	0.9481566386672812	0.9481566386672812	0.9481566386672812	0.948003380956972	
8	0.9391161655111983	0.9391161655111983	0.9391161655111983	0.9344285916928065	
8	0.9423519926648577	0.9423519926648577	0.9423519926648577	0.942092246744694	
9	0.9540475105531218	0.9540475105531218	0.9540475105531218	0.9515858433431992	
9	0.9367204231517035	0.9367204231517035	0.9367204231517035	0.9279659203775162	
10	0.9463090664009709	0.9463090664009709	0.9463090664009709	0.9433137795603411	
10	0.938778313208487	0.938778313208487	0.938778313208487	0.9333285976825154	
11	0.9477162621927794	0.9477162621927794	0.9477162621927794	0.9459947269796403	
11	0.9362084491012085	0.9362084491012085	0.9362084491012085	0.9347758123917089	
12	0.9458051928343535	0.9458051928343535	0.9458051928343535	0.9430806944039469	
12	0.9415165262517927	0.9415165262517927	0.9415165262517927	0.9381758333233033	
13	0.9531767626419434	0.9531767626419434	0.9531767626419434	0.9517498131593476	
13	0.9422344349957684	0.9422344349957684	0.9422344349957684	0.9386371876898051	
14	0.9508416500469036	0.9508416500469036	0.9508416500469036	0.9487811805392355	
14	0.9350923307777019	0.9350923307777019	0.9350923307777019	0.9322276374081839	
15	0.953574489828798	0.953574489828798	0.953574489828798	0.9505317766242705	
15	0.942912484100388	0.942912484100388	0.942912484100388	0.9366364859000169	
16	0.9513759192927594	0.9513759192927594	0.9513759192927594	0.9491164125750798	
16	0.9449556324275643	0.9449556324275643	0.9449556324275643	0.9426608482668732	
17	0.9489450929646246	0.9489450929646246	0.9489450929646246	0.9458423138011253	
17	0.9400029370787807	0.9400029370787807	0.9400029370787807	0.9373251671527969	
18	0.9524775075476479	0.9524775075476479	0.9524775075476479	0.9490276992689481	
18	0.9462925635363637	0.9462925635363637	0.9462925635363637	0.9434228504296461	
19	0.9513607220781782	0.9513607220781782	0.9513607220781782	0.9495414459410858	
19	0.9455402254094921	0.9455402254094921	0.9455402254094921	0.9404237385289406	
20	0.9512847059847876	0.9512847059847876	0.9512847059847876	0.9494414625617976	
20	0.9388079893879688	0.9388079893879688	0.9388079893879688	0.9363696506545699	
1	0.9986979166666666	0.9986979166666666	0.9986979166666666	0.9987650085763292	
2	0.9819042766563146	0.9819042766563146	0.9819042766563146	0.9815743985405778	
1	0.9469866071428571	0.9469866071428571	0.9469866071428571	0.9471204215681729	
3	0.981231104149614	0.981231104149614	0.981231104149614	0.9805617072694283	
2	0.9695002724268842	0.9695002724268842	0.9695002724268842	0.969443778628384	
4	0.9514320032761167	0.9514320032761167	0.9514320032761167	0.9469328005470111	
3	0.9773266062014039	0.9773266062014039	0.9773266062014039	0.9765192657407719	
5	0.9473929607126808	0.9473929607126808	0.9473929607126808	0.9450710412694553	
4	0.9729964769532046	0.9729964769532046	0.9729964769532046	0.9724248535735966	
6	0.9436956197670913	0.9436956197670913	0.9436956197670913	0.9411380757327982	
5	0.9723592973149057	0.9723592973149057	0.9723592973149057	0.971869402603537	
7	0.9475772812130672	0.9475772812130672	0.9475772812130672	0.9446833619955527	
6	0.9717504343147048	0.9717504343147048	0.9717504343147048	0.9711986575021423	
8	0.9479486447135179	0.9479486447135179	0.9479486447135179	0.9354516820463499	
7	0.961774659187143	0.961774659187143	0.961774659187143	0.9603157615600278	
8	0.9662609717707512	0.9662609717707512	0.9662609717707512	0.9648960555043018	
9	0.9563027177920969	0.9563027177920969	0.9563027177920969	0.9527201662022491	
9	0.9620526595814067	0.9620526595814067	0.9620526595814067	0.9602801047673736	
10	0.9515564431807443	0.9515564431807443	0.9515564431807443	0.9485077816359446	
10	0.9592505980665862	0.9592505980665862	0.9592505980665862	0.9567680579151971	
11	0.9527137048071016	0.9527137048071016	0.9527137048071016	0.9492237266642017	
11	0.9507822896219661	0.9507822896219661	0.9507822896219661	0.9493404895421552	
12	0.9511630782448912	0.9511630782448912	0.9511630782448912	0.9480328916788018	
12	0.9562635515968513	0.9562635515968513	0.9562635515968513	0.9550518518772816	
13	0.9446886081361202	0.9446886081361202	0.9446886081361202	0.9410432178398961	
13	0.9604502993917942	0.9604502993917942	0.9604502993917942	0.9574121212769812	
14	0.9473366099058624	0.9473366099058624	0.9473366099058624	0.9447348577567406	
14	0.9569783301486173	0.9569783301486173	0.9569783301486173	0.9555101437738482	
15	0.9455832027625238	0.9455832027625238	0.9455832027625238	0.9414996913424976	
15	0.9485434524534236	0.9485434524534236	0.9485434524534236	0.946433284371965	
16	0.9379954915628347	0.9379954915628347	0.9379954915628347	0.9321346921281526	
16	0.947321388587794	0.947321388587794	0.947321388587794	0.9436936288724949	
17	0.9409806963355993	0.9409806963355993	0.9409806963355993	0.9380260585663196	
17	0.9523084520681728	0.9523084520681728	0.9523084520681728	0.9492789987580332	
18	0.9370782703358326	0.9370782703358326	0.9370782703358326	0.9306314467213913	
18	0.9511004415457064	0.9511004415457064	0.9511004415457064	0.9467599547725791	
19	0.9516696550568277	0.9516696550568277	0.9516696550568277	0.949047720315583	
19	0.9453875644003223	0.9453875644003223	0.9453875644003223	0.9411221664802094	
20	0.9332908395302942	0.9332908395302942	0.9332908395302942	0.9274511938819506	
20	0.9478411288961335	0.9478411288961335	0.9478411288961335	0.9439907826277013	
1	0.9126041666666668	0.9126041666666668	0.9126041666666668	0.9063316938761099	
1	0.998046875	0.998046875	0.998046875	0.9979960496791237	
2	0.960541087962963	0.960541087962963	0.960541087962963	0.9591703459203986	
2	0.9888532366071429	0.9888532366071429	0.9888532366071429	0.9893463065720021	
3	0.9713987608932463	0.9713987608932463	0.9713987608932463	0.9693343370594256	
3	0.9879340277777778	0.9879340277777778	0.9879340277777778	0.9895811479603872	
4	0.9559712177613613	0.9559712177613613	0.9559712177613613	0.9538138688498434	
4	0.9871396019345238	0.9871396019345238	0.9871396019345238	0.9872250615235789	
5	0.9791925150742115	0.9791925150742115	0.9791925150742115	0.9797387192156176	
5	0.9574423267494762	0.9574423267494762	0.9574423267494762	0.9561481297510179	
6	0.9608307985357666	0.9608307985357666	0.9608307985357666	0.9597979940808421	
6	0.9360626056022907	0.9360626056022907	0.9360626056022907	0.9340583637865638	
7	0.9591572011507006	0.9591572011507006	0.9591572011507006	0.9517119153063689	
7	0.9425182792336253	0.9425182792336253	0.9425182792336253	0.940724214495167	
8	0.9593880965203926	0.9593880965203926	0.9593880965203926	0.9591596145346966	
8	0.9397970295286251	0.9397970295286251	0.9397970295286251	0.9381818678722282	
9	0.9576222901661325	0.9576222901661325	0.9576222901661325	0.9552340331437681	
9	0.9453394139925925	0.9453394139925925	0.9453394139925925	0.9428295990576427	
10	0.9418096027078638	0.9418096027078638	0.9418096027078638	0.9401027621224453	
10	0.9394109101304002	0.9394109101304002	0.9394109101304002	0.9367030796131314	
11	0.9381225896920872	0.9381225896920872	0.9381225896920872	0.9361486824823424	
11	0.9482204141869827	0.9482204141869827	0.9482204141869827	0.9462275557744405	
12	0.9376739248116112	0.9376739248116112	0.9376739248116112	0.9364511731012696	
12	0.9358603647030427	0.9358603647030427	0.9358603647030427	0.9319161008650307	
13	0.9422573061085241	0.9422573061085241	0.9422573061085241	0.9405898624989322	
13	0.9434909174446933	0.9434909174446933	0.9434909174446933	0.9401872560039792	
14	0.9393274817183934	0.9393274817183934	0.9393274817183934	0.9374096587875902	
14	0.9366428629829396	0.9366428629829396	0.9366428629829396	0.9317988452583179	
15	0.9346085959003544	0.9346085959003544	0.9346085959003544	0.9318297588085342	
15	0.9386062856785824	0.9386062856785824	0.9386062856785824	0.9343625924336424	
16	0.9377497274152633	0.9377497274152633	0.9377497274152633	0.9356513864574858	
16	0.949300513034928	0.949300513034928	0.949300513034928	0.946385957751862	
17	0.938087096611802	0.938087096611802	0.938087096611802	0.9361879050192572	
17	0.9439358270285377	0.9439358270285377	0.9439358270285377	0.9423345741046193	
18	0.9376527147052192	0.9376527147052192	0.9376527147052192	0.9352029636844451	
18	0.9437454775085146	0.9437454775085146	0.9437454775085146	0.939270262425397	
19	0.9330052092845506	0.9330052092845506	0.9330052092845506	0.9290230233189511	
19	0.9446368623549892	0.9446368623549892	0.9446368623549892	0.9405782222150743	
20	0.9388573844523844	0.9388573844523844	0.9388573844523844	0.934295933176126	
20	0.9464820400274851	0.9464820400274851	0.9464820400274851	0.9439409258981198	
1	0.929892113095238	0.929892113095238	0.929892113095238	0.9280552599922876	
1	0.8120659722222222	0.8120659722222222	0.8120659722222222	0.8095916059001945	
2	0.9581969246031745	0.9581969246031745	0.9581969246031745	0.956188364533568	
2	0.8930256664631664	0.8930256664631664	0.8930256664631664	0.891813098698135	
3	0.9595444775132275	0.9595444775132275	0.9595444775132275	0.9593929102704415	
3	0.9211209496040226	0.9211209496040226	0.9211209496040226	0.9159930867538048	
4	0.944654835182179	0.944654835182179	0.944654835182179	0.9400529553166682	
4	0.9406602150742776	0.9406602150742776	0.9406602150742776	0.937957512838709	
5	0.9475134644190352	0.9475134644190352	0.9475134644190352	0.9448657183141274	
5	0.9275193647775485	0.9275193647775485	0.9275193647775485	0.9242062924006232	
6	0.9515997963263588	0.9515997963263588	0.9515997963263588	0.9466722767277006	
6	0.9256550510787757	0.9256550510787757	0.9256550510787757	0.9213913773559631	
7	0.9594295647615576	0.9594295647615576	0.9594295647615576	0.9548813431267773	
8	0.9504076209494008	0.9504076209494008	0.9504076209494008	0.947516691598088	
7	0.9368427558322336	0.9368427558322336	0.9368427558322336	0.9333057055907992	
9	0.9459532326222282	0.9459532326222282	0.9459532326222282	0.9416841219162543	
8	0.9397660803801041	0.9397660803801041	0.9397660803801041	0.9365162867308414	
9	0.9345879550189277	0.9345879550189277	0.9345879550189277	0.9308268792936953	
10	0.9499653643510102	0.9499653643510102	0.9499653643510102	0.9458935195681525	
10	0.9408984362116751	0.9408984362116751	0.9408984362116751	0.9363814951837199	
11	0.9519596763997847	0.9519596763997847	0.9519596763997847	0.9500454341928065	
11	0.9419416748896778	0.9419416748896778	0.9419416748896778	0.9389810391615974	
12	0.9452921991336186	0.9452921991336186	0.9452921991336186	0.9437849882442997	
12	0.9456498344378094	0.9456498344378094	0.9456498344378094	0.9421561999344203	
13	0.9517667508743481	0.9517667508743481	0.9517667508743481	0.9484935418123034	
13	0.9480898365277791	0.9480898365277791	0.9480898365277791	0.945684698800624	
14	0.9434256285454021	0.9434256285454021	0.9434256285454021	0.9405724003547675	
14	0.9507015932452914	0.9507015932452914	0.9507015932452914	0.9479615984708126	
15	0.9462883512192476	0.9462883512192476	0.9462883512192476	0.9416187852138513	
15	0.945660794258527	0.945660794258527	0.945660794258527	0.9426410140844841	
16	0.9489237775194189	0.9489237775194189	0.9489237775194189	0.9450068781090741	
16	0.9499270823996061	0.9499270823996061	0.9499270823996061	0.9469837620139621	
17	0.9383085168493926	0.9383085168493926	0.9383085168493926	0.9331146231376466	
17	0.9470377021714188	0.9470377021714188	0.9470377021714188	0.9439837065327151	
18	0.9377153701438635	0.9377153701438635	0.9377153701438635	0.9335918559863191	
18	0.9448028772546956	0.9448028772546956	0.9448028772546956	0.9413014363588713	
19	0.9395295571127147	0.9395295571127147	0.9395295571127147	0.93600783892538	
19	0.9512130571259919	0.9512130571259919	0.9512130571259919	0.9490769000153533	
20	0.940426547066631	0.940426547066631	0.940426547066631	0.9368857633815034	
20	0.9409631103320948	0.9409631103320948	0.9409631103320948	0.9363785728927512	
1	0.9627666170634921	0.9627666170634921	0.9627666170634921	0.9634901817879636	
2	0.9662620907738095	0.9662620907738095	0.9662620907738095	0.9648177464839094	
1	0.9970890205938697	0.9970890205938697	0.9970890205938697	0.9970757287711157	
3	0.9592999886112672	0.9592999886112672	0.9592999886112672	0.9591691528603263	
2	0.9873147968426501	0.9873147968426501	0.9873147968426501	0.9864698869269101	
4	0.949187408191228	0.949187408191228	0.949187408191228	0.9486271347776213	
3	0.9755851517380408	0.9755851517380408	0.9755851517380408	0.9743661172509283	
5	0.9572802847717552	0.9572802847717552	0.9572802847717552	0.9553584175594712	
4	0.9637079254124896	0.9637079254124896	0.9637079254124896	0.9618755077654622	
6	0.9483681198283626	0.9483681198283626	0.9483681198283626	0.9481784202590995	
5	0.9604840223293742	0.9604840223293742	0.9604840223293742	0.9579593617565182	
7	0.9444596081562385	0.9444596081562385	0.9444596081562385	0.941785745463444	
6	0.9526405332286242	0.9526405332286242	0.9526405332286242	0.9503395587427504	
8	0.9425573255507735	0.9425573255507735	0.9425573255507735	0.9416169209750868	
7	0.9665858465804781	0.9665858465804781	0.9665858465804781	0.9644629619078963	
9	0.9490305961356997	0.9490305961356997	0.9490305961356997	0.9468389786737992	
8	0.9621419058143229	0.9621419058143229	0.9621419058143229	0.9598657312233099	
9	0.9634099633007236	0.9634099633007236	0.9634099633007236	0.9620774077671849	
10	0.9471214762207827	0.9471214762207827	0.9471214762207827	0.9444783295612081	
10	0.9652492511734542	0.9652492511734542	0.9652492511734542	0.9636007840923607	
11	0.9422123783318986	0.9422123783318986	0.9422123783318986	0.9385275021364182	
11	0.9616512495206284	0.9616512495206284	0.9616512495206284	0.9597795352879941	
12	0.9544767236637486	0.9544767236637486	0.9544767236637486	0.9522851780911236	
12	0.9579882237891427	0.9579882237891427	0.9579882237891427	0.9554836686705478	
13	0.9528798634366071	0.9528798634366071	0.9528798634366071	0.9503704709472368	
13	0.9576219451949929	0.9576219451949929	0.9576219451949929	0.9551446068415673	
14	0.9580768204355543	0.9580768204355543	0.9580768204355543	0.9550787872889398	
14	0.9559321557334555	0.9559321557334555	0.9559321557334555	0.9537190920466652	
15	0.9532257250519706	0.9532257250519706	0.9532257250519706	0.9506429890135225	
15	0.9510148102102763	0.9510148102102763	0.9510148102102763	0.9491854526323248	
16	0.9499856403163123	0.9499856403163123	0.9499856403163123	0.9461992440897331	
16	0.9520788904422012	0.9520788904422012	0.9520788904422012	0.9497223338785987	
17	0.9481834873060869	0.9481834873060869	0.9481834873060869	0.9454867879991578	
17	0.9492541245669294	0.9492541245669294	0.9492541245669294	0.9470593401709706	
18	0.9553624818672315	0.9553624818672315	0.9553624818672315	0.9535330549965616	
18	0.9396123348447062	0.9396123348447062	0.9396123348447062	0.9374442245370749	
19	0.9501260211807647	0.9501260211807647	0.9501260211807647	0.9457244512475104	
19	0.938837792298103	0.938837792298103	0.938837792298103	0.9362660981915238	
20	0.9464185307494392	0.9464185307494392	0.9464185307494392	0.9410463877224439	
1	0.9627192982456141	0.9627192982456141	0.9627192982456141	0.962250404742079	
20	0.9383484236900257	0.9383484236900257	0.9383484236900257	0.9351410706011556	
2	0.9514377640200009	0.9514377640200009	0.9514377640200009	0.9486830383160019	
1	0.8959829980842913	0.8959829980842913	0.8959829980842913	0.8920916029439263	
3	0.9588957004253057	0.9588957004253057	0.9588957004253057	0.9572438608987394	
2	0.9300167624521072	0.9300167624521072	0.9300167624521072	0.9306634627499013	
4	0.9495444696513775	0.9495444696513775	0.9495444696513775	0.9466142811020614	
3	0.9363343358583195	0.9363343358583195	0.9363343358583195	0.9320017796744118	
5	0.9515880741093655	0.9515880741093655	0.9515880741093655	0.9487317812315318	
4	0.9438452916631177	0.9438452916631177	0.9438452916631177	0.940917429371884	
5	0.9479578615315658	0.9479578615315658	0.9479578615315658	0.9448371880989022	
6	0.9552688500116066	0.9552688500116066	0.9552688500116066	0.9518075858487017	
7	0.9633102375093859	0.9633102375093859	0.9633102375093859	0.9608908675828384	
6	0.9495914539637091	0.9495914539637091	0.9495914539637091	0.9475288028923409	
8	0.9623096694786663	0.9623096694786663	0.9623096694786663	0.9607676818545856	
7	0.9423738463306649	0.9423738463306649	0.9423738463306649	0.9390402752253116	
8	0.9440530140146178	0.9440530140146178	0.9440530140146178	0.938994405366677	
9	0.962201700820629	0.962201700820629	0.962201700820629	0.9605551366924787	
9	0.9352320393411185	0.9352320393411185	0.9352320393411185	0.9280247233729457	
10	0.9579113787513661	0.9579113787513661	0.9579113787513661	0.95683580581938	
10	0.9418528724231245	0.9418528724231245	0.9418528724231245	0.9366234774472876	
11	0.9607953444817415	0.9607953444817415	0.9607953444817415	0.9597776935407903	
11	0.9487178469116656	0.9487178469116656	0.9487178469116656	0.9467570490832113	
12	0.9590050628326474	0.9590050628326474	0.9590050628326474	0.956585564863162	
12	0.948348968254299	0.948348968254299	0.948348968254299	0.9469212738515863	
13	0.9558940162065871	0.9558940162065871	0.9558940162065871	0.9544311849781162	
13	0.9460701991272218	0.9460701991272218	0.9460701991272218	0.9434970599019272	
14	0.9525764837070227	0.9525764837070227	0.9525764837070227	0.9498186897740764	
14	0.9477599722382621	0.9477599722382621	0.9477599722382621	0.9452365736445876	
15	0.9381871927713991	0.9381871927713991	0.9381871927713991	0.9354168053783526	
15	0.9493707063834773	0.9493707063834773	0.9493707063834773	0.9467541370244857	
16	0.9442205566956423	0.9442205566956423	0.9442205566956423	0.9418669203316135	
16	0.955738071273558	0.955738071273558	0.955738071273558	0.9532498962224089	
17	0.9408632569534359	0.9408632569534359	0.9408632569534359	0.9382631728092741	
17	0.9395560505564317	0.9395560505564317	0.9395560505564317	0.936237512534374	
18	0.9456914345928978	0.9456914345928978	0.9456914345928978	0.9424226230378123	
18	0.9383237466269291	0.9383237466269291	0.9383237466269291	0.934370904198254	
19	0.9451440904925895	0.9451440904925895	0.9451440904925895	0.942173436497197	
19	0.9347470036852016	0.9347470036852016	0.9347470036852016	0.927994854058757	
20	0.9463609872474071	0.9463609872474071	0.9463609872474071	0.9438468400628699	
20	0.9345023855369566	0.9345023855369566	0.9345023855369566	0.9287282486633369	
1	0.91818030129672	0.91818030129672	0.91818030129672	0.914718437816843	
2	0.9436183018688025	0.9436183018688025	0.9436183018688025	0.9411073837696076	
1	0.9639136904761905	0.9639136904761905	0.9639136904761905	0.9635948997198766	
3	0.9358008664358778	0.9358008664358778	0.9358008664358778	0.9329503654814651	
2	0.970703125	0.970703125	0.970703125	0.9692197023731683	
4	0.9468465143054229	0.9468465143054229	0.9468465143054229	0.9425877231856756	
3	0.9704990294501599	0.9704990294501599	0.9704990294501599	0.9697183169669071	
5	0.9419385417210362	0.9419385417210362	0.9419385417210362	0.9401105255458277	
4	0.9346581875768925	0.9346581875768925	0.9346581875768925	0.9251580536357414	
5	0.9275648742991182	0.9275648742991182	0.9275648742991182	0.916113776129888	
6	0.9392882129289991	0.9392882129289991	0.9392882129289991	0.9382315179318242	
6	0.9423858227222692	0.9423858227222692	0.9423858227222692	0.9340245969624399	
7	0.9320851763163706	0.9320851763163706	0.9320851763163706	0.9295765927458558	
7	0.9651873907726608	0.9651873907726608	0.9651873907726608	0.9642102902531928	
8	0.9399695908230161	0.9399695908230161	0.9399695908230161	0.9380277800335532	
8	0.9675728771329755	0.9675728771329755	0.9675728771329755	0.9663731014371435	
9	0.9232703405401745	0.9232703405401745	0.9232703405401745	0.9153095332727337	
9	0.9557150237400521	0.9557150237400521	0.9557150237400521	0.9537171742958545	
10	0.9432647164720341	0.9432647164720341	0.9432647164720341	0.940017356264636	
10	0.952639830188714	0.952639830188714	0.952639830188714	0.9506800347852499	
11	0.9484527882546767	0.9484527882546767	0.9484527882546767	0.9468452930223943	
11	0.9525621309045065	0.9525621309045065	0.9525621309045065	0.9515017350283951	
12	0.9461123105745918	0.9461123105745918	0.9461123105745918	0.944498223453471	
12	0.9518813405048401	0.9518813405048401	0.9518813405048401	0.9488846984672487	
13	0.9460873402400239	0.9460873402400239	0.9460873402400239	0.9430148673990502	
13	0.9505418996627006	0.9505418996627006	0.9505418996627006	0.9474207765545526	
14	0.944396314406856	0.944396314406856	0.944396314406856	0.9424650007730074	
14	0.9412720802448344	0.9412720802448344	0.9412720802448344	0.9377976881817515	
15	0.9295652339123108	0.9295652339123108	0.9295652339123108	0.9264015208104518	
15	0.9331434082029577	0.9331434082029577	0.9331434082029577	0.930924779996603	
16	0.9279252418300974	0.9279252418300974	0.9279252418300974	0.9252077749111544	
16	0.9360197224492972	0.9360197224492972	0.9360197224492972	0.9337227071432745	
17	0.9257988334900364	0.9257988334900364	0.9257988334900364	0.9227712042315752	
17	0.9357080387410945	0.9357080387410945	0.9357080387410945	0.9329498046312551	
18	0.9346675311235274	0.9346675311235274	0.9346675311235274	0.9320724438573789	
18	0.9390308153525678	0.9390308153525678	0.9390308153525678	0.9371800139850068	
19	0.9344607450846498	0.9344607450846498	0.9344607450846498	0.9321676589396587	
19	0.934265675530941	0.934265675530941	0.934265675530941	0.9315435254584608	
20	0.9382473662986573	0.9382473662986573	0.9382473662986573	0.9359985193803146	
20	0.936372883730398	0.936372883730398	0.936372883730398	0.9341389229027177	
1	0.9559414184952978	0.9559414184952978	0.9559414184952978	0.9554110766641538	
1	0.9829930719339622	0.9829930719339622	0.9829930719339622	0.982742290620153	
2	0.9491145781909511	0.9491145781909511	0.9491145781909511	0.9447119738816057	
2	0.9774947292717528	0.9774947292717528	0.9774947292717528	0.9771143756007896	
3	0.9655345083562569	0.9655345083562569	0.9655345083562569	0.9647935866979828	
3	0.9583039486759107	0.9583039486759107	0.9583039486759107	0.9575177181450272	
4	0.9485676751221145	0.9485676751221145	0.9485676751221145	0.9442280927461596	
4	0.9624234000424894	0.9624234000424894	0.9624234000424894	0.9610365160723382	
5	0.9583081511485242	0.9583081511485242	0.9583081511485242	0.9566215730573493	
5	0.9545823606757047	0.9545823606757047	0.9545823606757047	0.9524722182654204	
6	0.9608415090025669	0.9608415090025669	0.9608415090025669	0.9591953638293226	
6	0.9561913051023958	0.9561913051023958	0.9561913051023958	0.9541869230328284	
7	0.9619786325448103	0.9619786325448103	0.9619786325448103	0.9599099552166768	
7	0.96039897741857	0.96039897741857	0.96039897741857	0.9601403741087385	
8	0.9612547206839088	0.9612547206839088	0.9612547206839088	0.958777752802822	
8	0.9538014368176428	0.9538014368176428	0.9538014368176428	0.9520102399995036	
9	0.9616943993900686	0.9616943993900686	0.9616943993900686	0.9595930890406663	
9	0.9641373427403601	0.9641373427403601	0.9641373427403601	0.9633743186684774	
10	0.9623825882223673	0.9623825882223673	0.9623825882223673	0.9601708284959937	
10	0.9494236138264549	0.9494236138264549	0.9494236138264549	0.9477590075463287	
11	0.9581398214515681	0.9581398214515681	0.9581398214515681	0.9560772171922213	
11	0.9590343516579799	0.9590343516579799	0.9590343516579799	0.9577416615212727	
12	0.9548765986776653	0.9548765986776653	0.9548765986776653	0.9512787512124178	
12	0.9612029282449187	0.9612029282449187	0.9612029282449187	0.9594962853079112	
13	0.9504838642608764	0.9504838642608764	0.9504838642608764	0.9470918139590546	
13	0.9582766616931113	0.9582766616931113	0.9582766616931113	0.9566806885562328	
14	0.9550172038471585	0.9550172038471585	0.9550172038471585	0.9526603597577729	
14	0.9551607724069143	0.9551607724069143	0.9551607724069143	0.9526419426421974	
15	0.9522237799662562	0.9522237799662562	0.9522237799662562	0.9511722002476984	
15	0.958896867033195	0.958896867033195	0.958896867033195	0.9574962055088511	
16	0.9510821100989355	0.9510821100989355	0.9510821100989355	0.9482068677044964	
16	0.9485688484900426	0.9485688484900426	0.9485688484900426	0.9452485892537851	
17	0.9576582865501602	0.9576582865501602	0.9576582865501602	0.956237019452041	
17	0.9464268170242007	0.9464268170242007	0.9464268170242007	0.9446888850232632	
18	0.9557954763201076	0.9557954763201076	0.9557954763201076	0.953428884522632	
18	0.9469728999344024	0.9469728999344024	0.9469728999344024	0.9446378689850741	
19	0.9517500628597884	0.9517500628597884	0.9517500628597884	0.9504183641907132	
19	0.9469983281633286	0.9469983281633286	0.9469983281633286	0.9443886923080044	
20	0.9458262693549297	0.9458262693549297	0.9458262693549297	0.9444769720278845	
1	0.9973958333333334	0.9973958333333334	0.9973958333333334	0.9974927675988429	
20	0.9412599578119843	0.9412599578119843	0.9412599578119843	0.9395159498653787	
2	0.9798177083333333	0.9798177083333333	0.9798177083333333	0.9797642027207984	
1	0.9924045138888888	0.9924045138888888	0.9924045138888888	0.9925993741597594	
3	0.9664086925805676	0.9664086925805676	0.9664086925805676	0.9662238385195518	
2	0.9740439967105263	0.9740439967105263	0.9740439967105263	0.9735841030546843	
4	0.9713907639286775	0.9713907639286775	0.9713907639286775	0.9706474908270069	
3	0.9581285524949444	0.9581285524949444	0.9581285524949444	0.9566113347743469	
4	0.9705145001144313	0.9705145001144313	0.9705145001144313	0.9694675477843019	
5	0.9546442411090583	0.9546442411090583	0.9546442411090583	0.9540045954674404	
5	0.9682291270315458	0.9682291270315458	0.9682291270315458	0.9665976046013656	
6	0.9593606985018578	0.9593606985018578	0.9593606985018578	0.9567088538280046	
6	0.9637031315807268	0.9637031315807268	0.9637031315807268	0.9623270828772412	
7	0.9560270346561055	0.9560270346561055	0.9560270346561055	0.9542060671002693	
7	0.9626396816092272	0.9626396816092272	0.9626396816092272	0.9607588964420389	
8	0.9471573139373675	0.9471573139373675	0.9471573139373675	0.9441335401040447	
8	0.961560406996364	0.961560406996364	0.961560406996364	0.9587634073401343	
9	0.9507286484501463	0.9507286484501463	0.9507286484501463	0.9479934433963939	
9	0.9611600348474941	0.9611600348474941	0.9611600348474941	0.96016259420266	
10	0.9524551135903467	0.9524551135903467	0.9524551135903467	0.9470596672403595	
10	0.956410707113237	0.956410707113237	0.956410707113237	0.954260641942651	
11	0.9427931880759814	0.9427931880759814	0.9427931880759814	0.939258232992353	
11	0.9570072535312574	0.9570072535312574	0.9570072535312574	0.9560418087487935	
12	0.9403950372364395	0.9403950372364395	0.9403950372364395	0.9354895863087686	
12	0.9573289722685616	0.9573289722685616	0.9573289722685616	0.9548853011263002	
13	0.937652283353031	0.937652283353031	0.937652283353031	0.9335138437530018	
13	0.9548615309386962	0.9548615309386962	0.9548615309386962	0.9535723217220222	
14	0.941179152242103	0.941179152242103	0.941179152242103	0.9376717162648315	
14	0.9471353049240755	0.9471353049240755	0.9471353049240755	0.9433733009519896	
15	0.934740481018085	0.934740481018085	0.934740481018085	0.9305161214344211	
15	0.9490835348405523	0.9490835348405523	0.9490835348405523	0.946007171727281	
16	0.9394286770774456	0.9394286770774456	0.9394286770774456	0.9360053142385723	
16	0.9452133860139995	0.9452133860139995	0.9452133860139995	0.9425923717233304	
17	0.9359744403809311	0.9359744403809311	0.9359744403809311	0.9321947878880091	
17	0.9523077764354999	0.9523077764354999	0.9523077764354999	0.949915274582505	
18	0.9381824516459487	0.9381824516459487	0.9381824516459487	0.9337768361654663	
18	0.9493331325214898	0.9493331325214898	0.9493331325214898	0.9476156576326908	
19	0.9410435305431832	0.9410435305431832	0.9410435305431832	0.9368677300010975	
19	0.9413693611643044	0.9413693611643044	0.9413693611643044	0.9385571300304753	
20	0.9422129409253287	0.9422129409253287	0.9422129409253287	0.9379765159228951	
20	0.9430730937851652	0.9430730937851652	0.9430730937851652	0.9414568083628957	
1	0.9640659568584071	0.9640659568584071	0.9640659568584071	0.9603761719688837	
1	0.9969951923076923	0.9969951923076923	0.9969951923076923	0.9969751561941091	
2	0.9806290064102563	0.9806290064102563	0.9806290064102563	0.9784448934976873	
2	0.9763821002894861	0.9763821002894861	0.9763821002894861	0.9747428698292849	
3	0.9768244767108941	0.9768244767108941	0.9768244767108941	0.9771342259738492	
3	0.9804932336182336	0.9804932336182336	0.9804932336182336	0.9794629578005528	
4	0.9710562346003293	0.9710562346003293	0.9710562346003293	0.9695504643288647	
4	0.9695051729231416	0.9695051729231416	0.9695051729231416	0.9690763197837242	
5	0.9793611895547244	0.9793611895547244	0.9793611895547244	0.9789697509056472	
5	0.9502561359018161	0.9502561359018161	0.9502561359018161	0.9494567056816727	
6	0.9743634198827141	0.9743634198827141	0.9743634198827141	0.9738037142508769	
6	0.9492077626343964	0.9492077626343964	0.9492077626343964	0.9480452711471535	
7	0.9755063396512752	0.9755063396512752	0.9755063396512752	0.9749092354217403	
7	0.9499652127251427	0.9499652127251427	0.9499652127251427	0.9482233418994505	
8	0.9757361936926288	0.9757361936926288	0.9757361936926288	0.9754145090590939	
8	0.9525360536031463	0.9525360536031463	0.9525360536031463	0.9494877382725775	
9	0.9646151031471555	0.9646151031471555	0.9646151031471555	0.9630018586885325	
9	0.9496263729663885	0.9496263729663885	0.9496263729663885	0.947507762567195	
10	0.9583825057453484	0.9583825057453484	0.9583825057453484	0.9579353083706336	
10	0.9461549279518658	0.9461549279518658	0.9461549279518658	0.9443454586926388	
11	0.9463780600671735	0.9463780600671735	0.9463780600671735	0.9429156083048631	
11	0.939861988740024	0.939861988740024	0.939861988740024	0.9361271189122656	
12	0.9474204777166525	0.9474204777166525	0.9474204777166525	0.9458951488174562	
12	0.9497581888051428	0.9497581888051428	0.9497581888051428	0.9471727380606315	
13	0.9492492610115038	0.9492492610115038	0.9492492610115038	0.9478485265614581	
13	0.9500850865537743	0.9500850865537743	0.9500850865537743	0.9470098798026869	
14	0.9442824498499512	0.9442824498499512	0.9442824498499512	0.942130738414954	
14	0.9464152584931765	0.9464152584931765	0.9464152584931765	0.9438931725262505	
15	0.947334887912655	0.947334887912655	0.947334887912655	0.9455624928128414	
15	0.9500264936645583	0.9500264936645583	0.9500264936645583	0.947709104064373	
16	0.9468146523739083	0.9468146523739083	0.9468146523739083	0.9438000420934172	
16	0.937211682526631	0.937211682526631	0.937211682526631	0.9325671773554135	
17	0.9426457490296685	0.9426457490296685	0.9426457490296685	0.9392580010318642	
17	0.9484709546280133	0.9484709546280133	0.9484709546280133	0.9469965112509364	
18	0.9382955526676899	0.9382955526676899	0.9382955526676899	0.9340354139657759	
18	0.9390390985895096	0.9390390985895096	0.9390390985895096	0.9361270075819542	
19	0.9486994792115413	0.9486994792115413	0.9486994792115413	0.9459227838803393	
19	0.9413619509113543	0.9413619509113543	0.9413619509113543	0.9387104615394702	
20	0.9437615227415103	0.9437615227415103	0.9437615227415103	0.9412736000218302	
20	0.9341566381689447	0.9341566381689447	0.9341566381689447	0.9278228861003981	
1	0.946600582437276	0.946600582437276	0.946600582437276	0.946702564684263	
1	0.9014204545454546	0.9014204545454546	0.9014204545454546	0.902712335962002	
2	0.9419885398981325	0.9419885398981325	0.9419885398981325	0.9398493840534942	
2	0.9475649350649351	0.9475649350649351	0.9475649350649351	0.9461016216784929	
3	0.9543036298182733	0.9543036298182733	0.9543036298182733	0.9533385883938967	
3	0.957046325849292	0.957046325849292	0.957046325849292	0.954440247156227	
4	0.9647789776076169	0.9647789776076169	0.9647789776076169	0.9633945025882177	
4	0.9547417990160726	0.9547417990160726	0.9547417990160726	0.9528420826186947	
5	0.9607570976355351	0.9607570976355351	0.9607570976355351	0.960599793766734	
5	0.9630828738551426	0.9630828738551426	0.9630828738551426	0.9618064490519389	
6	0.9599303853233434	0.9599303853233434	0.9599303853233434	0.9553713542903708	
6	0.9500060975736457	0.9500060975736457	0.9500060975736457	0.9488952704265948	
7	0.9537881076801238	0.9537881076801238	0.9537881076801238	0.9499890403843698	
7	0.9579115963090299	0.9579115963090299	0.9579115963090299	0.9564200861131574	
8	0.9481395482246296	0.9481395482246296	0.9481395482246296	0.946017236905953	
8	0.9433943237499048	0.9433943237499048	0.9433943237499048	0.9412892182596262	
9	0.9476279826294584	0.9476279826294584	0.9476279826294584	0.9444279998744647	
9	0.9479554735120218	0.9479554735120218	0.9479554735120218	0.9448126186753787	
10	0.9510929899353899	0.9510929899353899	0.9510929899353899	0.9488271068165469	
10	0.942857752312374	0.942857752312374	0.942857752312374	0.9403075666455083	
11	0.9499004913971678	0.9499004913971678	0.9499004913971678	0.9472954336290239	
11	0.9392546326926301	0.9392546326926301	0.9392546326926301	0.9363964419550118	
12	0.9463391445620138	0.9463391445620138	0.9463391445620138	0.9443564487643963	
12	0.9400167498891774	0.9400167498891774	0.9400167498891774	0.9343821763878664	
13	0.943707401746895	0.943707401746895	0.943707401746895	0.9410330324771271	
13	0.9416403997105811	0.9416403997105811	0.9416403997105811	0.9385686145881673	
14	0.9525593430203992	0.9525593430203992	0.9525593430203992	0.9506694999832629	
14	0.9483036976659617	0.9483036976659617	0.9483036976659617	0.9448203880733159	
15	0.9461663732236941	0.9461663732236941	0.9461663732236941	0.9418129918987773	
15	0.9480892728146274	0.9480892728146274	0.9480892728146274	0.9471664802689771	
16	0.9456912413899363	0.9456912413899363	0.9456912413899363	0.9437034912448318	
16	0.9506620454149552	0.9506620454149552	0.9506620454149552	0.9476123487106506	
17	0.9444550168433312	0.9444550168433312	0.9444550168433312	0.9425173263026124	
17	0.9473081673238717	0.9473081673238717	0.9473081673238717	0.9436288778734386	
18	0.948510165023992	0.948510165023992	0.948510165023992	0.9456979973081869	
18	0.9371336309462533	0.9371336309462533	0.9371336309462533	0.9326751814737446	
19	0.9437652326401986	0.9437652326401986	0.9437652326401986	0.9404810290123174	
19	0.9412224028722482	0.9412224028722482	0.9412224028722482	0.9386182719515045	
20	0.950115891184098	0.950115891184098	0.950115891184098	0.9480477765814822	
20	0.9386033477214317	0.9386033477214317	0.9386033477214317	0.9352319854627739	
1	0.9049278846153846	0.9049278846153846	0.9049278846153846	0.8925080911578703	
1	0.9762001391465677	0.9762001391465677	0.9762001391465677	0.9753197780734887	
2	0.9430382703234266	0.9430382703234266	0.9430382703234266	0.9432458613966913	
2	0.9694940476190477	0.9694940476190477	0.9694940476190477	0.9703001590274526	
3	0.9495551535655702	0.9495551535655702	0.9495551535655702	0.9491679272432968	
3	0.9755545999965642	0.9755545999965642	0.9755545999965642	0.9754259299548372	
4	0.9617040336350315	0.9617040336350315	0.9617040336350315	0.9587069112072957	
4	0.9711623621833876	0.9711623621833876	0.9711623621833876	0.9686629118969787	
5	0.9626616455033188	0.9626616455033188	0.9626616455033188	0.9616605796452401	
5	0.9674386928188508	0.9674386928188508	0.9674386928188508	0.9652208789558587	
6	0.9630184176160904	0.9630184176160904	0.9630184176160904	0.9622610325062836	
6	0.9537719294904005	0.9537719294904005	0.9537719294904005	0.9537721671792497	
7	0.9322832688903849	0.9322832688903849	0.9322832688903849	0.9231286879000073	
7	0.9484720261480367	0.9484720261480367	0.9484720261480367	0.9390871939881998	
8	0.9553537671473742	0.9553537671473742	0.9553537671473742	0.9544590962192303	
8	0.916157635247059	0.916157635247059	0.916157635247059	0.9084038021596477	
9	0.931036891379849	0.931036891379849	0.931036891379849	0.9224902872970903	
9	0.9477695571840467	0.9477695571840467	0.9477695571840467	0.9476393167394728	
10	0.9301789773720845	0.9301789773720845	0.9301789773720845	0.9235297099334007	
10	0.95286059059435	0.95286059059435	0.95286059059435	0.9524834786368993	
11	0.9371371214180452	0.9371371214180452	0.9371371214180452	0.9304060201132472	
11	0.9535374674049906	0.9535374674049906	0.9535374674049906	0.9481133543574988	
12	0.9404942773366303	0.9404942773366303	0.9404942773366303	0.9335569717662434	
12	0.9517469939114324	0.9517469939114324	0.9517469939114324	0.9493683575938872	
13	0.9402235645751341	0.9402235645751341	0.9402235645751341	0.9347662718053164	
13	0.9519996156945277	0.9519996156945277	0.9519996156945277	0.9490037149597222	
14	0.9510125605459052	0.9510125605459052	0.9510125605459052	0.9447585925438308	
14	0.95166046815317	0.95166046815317	0.95166046815317	0.9473841833428295	
15	0.9408733939614253	0.9408733939614253	0.9408733939614253	0.9348955542502526	
15	0.9494529651620813	0.9494529651620813	0.9494529651620813	0.9472079215295365	
16	0.9329554686885331	0.9329554686885331	0.9329554686885331	0.9276421604675127	
16	0.9440036807258987	0.9440036807258987	0.9440036807258987	0.9401968532376773	
17	0.9328283717208035	0.9328283717208035	0.9328283717208035	0.9276750401755528	
17	0.9477675827838032	0.9477675827838032	0.9477675827838032	0.9432899726258642	
18	0.9393595013406012	0.9393595013406012	0.9393595013406012	0.9347958867988123	
18	0.9456932819436028	0.9456932819436028	0.9456932819436028	0.9435989190171203	
19	0.9315744353420841	0.9315744353420841	0.9315744353420841	0.9269333545938765	
19	0.9439484717070952	0.9439484717070952	0.9439484717070952	0.9408299347508083	
20	0.9275040511354696	0.9275040511354696	0.9275040511354696	0.9222286353007967	
20	0.9425250212664846	0.9425250212664846	0.9425250212664846	0.9396282229698615	
1	0.8845678401898734	0.8845678401898734	0.8845678401898734	0.8851749769958136	
1	0.9944196428571429	0.9944196428571429	0.9944196428571429	0.9945203806103236	
2	0.9272733570092606	0.9272733570092606	0.9272733570092606	0.923932618997637	
2	0.988871356732348	0.988871356732348	0.988871356732348	0.9885254948567058	
3	0.9302344564325544	0.9302344564325544	0.9302344564325544	0.9270635060042184	
3	0.9768598675102225	0.9768598675102225	0.9768598675102225	0.9757042317409549	
4	0.9238340507375906	0.9238340507375906	0.9238340507375906	0.9195641511154191	
4	0.9685127602177234	0.9685127602177234	0.9685127602177234	0.9676494773227589	
5	0.9172183752347095	0.9172183752347095	0.9172183752347095	0.909878876427104	
5	0.967670854657392	0.967670854657392	0.967670854657392	0.9676602993055141	
6	0.931712297442498	0.931712297442498	0.931712297442498	0.9286033657256834	
6	0.9630454196019037	0.9630454196019037	0.9630454196019037	0.9621235216704287	
7	0.9372203895828716	0.9372203895828716	0.9372203895828716	0.9329732268524428	
7	0.9708138355750882	0.9708138355750882	0.9708138355750882	0.9692401128652246	
8	0.9381888808645846	0.9381888808645846	0.9381888808645846	0.9340527018058364	
8	0.9638451416440258	0.9638451416440258	0.9638451416440258	0.9626217383055958	
9	0.9245176600634102	0.9245176600634102	0.9245176600634102	0.9188540424065508	
9	0.946089590180894	0.946089590180894	0.946089590180894	0.9427315766253815	
10	0.933829023209919	0.933829023209919	0.933829023209919	0.9299791943552751	
10	0.9534174178930289	0.9534174178930289	0.9534174178930289	0.9504246717127189	
11	0.9320833385341899	0.9320833385341899	0.9320833385341899	0.9287175418184198	
11	0.9537302080967804	0.9537302080967804	0.9537302080967804	0.9527772915972058	
12	0.936479345337713	0.936479345337713	0.936479345337713	0.9333855857956306	
12	0.9509852358910308	0.9509852358910308	0.9509852358910308	0.9493272961356344	
13	0.942539888319435	0.942539888319435	0.942539888319435	0.9386314422030069	
13	0.9514791330897179	0.9514791330897179	0.9514791330897179	0.9502546014107046	
14	0.9243748812805065	0.9243748812805065	0.9243748812805065	0.9166551470990091	
14	0.9480183363241098	0.9480183363241098	0.9480183363241098	0.9468267526380699	
15	0.9320554520906721	0.9320554520906721	0.9320554520906721	0.9284677787480998	
15	0.9475333367009227	0.9475333367009227	0.9475333367009227	0.9449274448886569	
16	0.9437942963603665	0.9437942963603665	0.9437942963603665	0.9395859417041064	
16	0.9492539008876231	0.9492539008876231	0.9492539008876231	0.9473854927822265	
17	0.9469124997442872	0.9469124997442872	0.9469124997442872	0.9438581577999313	
17	0.9376358833158919	0.9376358833158919	0.9376358833158919	0.9334105758039447	
18	0.9422578607898373	0.9422578607898373	0.9422578607898373	0.9344877654941897	
18	0.9365898753235512	0.9365898753235512	0.9365898753235512	0.9327832485713772	
19	0.9407025213271434	0.9407025213271434	0.9407025213271434	0.9368183862135059	
19	0.9364070500039765	0.9364070500039765	0.9364070500039765	0.9319587790195869	
20	0.9399417918409455	0.9399417918409455	0.9399417918409455	0.9342952031807655	
1	0.9827823691460055	0.9827823691460055	0.9827823691460055	0.9816725651426338	
20	0.940250305777403	0.940250305777403	0.940250305777403	0.9362633353199292	
2	0.9643475882718537	0.9643475882718537	0.9643475882718537	0.964120407102057	
1	0.9532781862745098	0.9532781862745098	0.9532781862745098	0.9521887571979555	
3	0.937178170283769	0.937178170283769	0.937178170283769	0.9340427142289713	
2	0.9749253216911764	0.9749253216911764	0.9749253216911764	0.973939048394221	
4	0.9352048841690495	0.9352048841690495	0.9352048841690495	0.932260787741658	
3	0.9602253073608477	0.9602253073608477	0.9602253073608477	0.9596881068887783	
5	0.949148044018032	0.949148044018032	0.949148044018032	0.947451980333924	
4	0.9596747366965176	0.9596747366965176	0.9596747366965176	0.9585676628664199	
6	0.9511607674328847	0.9511607674328847	0.9511607674328847	0.948915679103628	
5	0.9565867289494874	0.9565867289494874	0.9565867289494874	0.9540509093293092	
6	0.9597171452045535	0.9597171452045535	0.9597171452045535	0.9572956346755293	
7	0.9591657522954081	0.9591657522954081	0.9591657522954081	0.9572869819198141	
7	0.9660958389064799	0.9660958389064799	0.9660958389064799	0.9641969947970654	
8	0.9541075750080883	0.9541075750080883	0.9541075750080883	0.9520535213095933	
8	0.9658330226168635	0.9658330226168635	0.9658330226168635	0.9643373716600734	
9	0.9524902427788372	0.9524902427788372	0.9524902427788372	0.950912896911206	
9	0.9704034028003855	0.9704034028003855	0.9704034028003855	0.9692145912268759	
10	0.9566552495461746	0.9566552495461746	0.9566552495461746	0.9550954226361021	
10	0.9701313389842101	0.9701313389842101	0.9701313389842101	0.9693781383644454	
11	0.9492841521618015	0.9492841521618015	0.9492841521618015	0.9464540307169904	
11	0.9488172349631399	0.9488172349631399	0.9488172349631399	0.9445201890614263	
12	0.9488470065135011	0.9488470065135011	0.9488470065135011	0.9463729073166579	
12	0.9523767392787786	0.9523767392787786	0.9523767392787786	0.949429350739602	
13	0.9462862432400428	0.9462862432400428	0.9462862432400428	0.9433659496989502	
13	0.9610118464301517	0.9610118464301517	0.9610118464301517	0.9569167747620326	
14	0.9391874508684052	0.9391874508684052	0.9391874508684052	0.9341031246641951	
14	0.9588134047254246	0.9588134047254246	0.9588134047254246	0.9572879796178216	
15	0.9387994028509914	0.9387994028509914	0.9387994028509914	0.9358674988325523	
15	0.9609347417390853	0.9609347417390853	0.9609347417390853	0.9594351848005821	
16	0.9393522132168635	0.9393522132168635	0.9393522132168635	0.9357997653579875	
16	0.9518573164221729	0.9518573164221729	0.9518573164221729	0.9501245580228912	
17	0.9381994838792656	0.9381994838792656	0.9381994838792656	0.9342118462363169	
17	0.9347137489393588	0.9347137489393588	0.9347137489393588	0.9304667559340332	
18	0.9349062940738876	0.9349062940738876	0.9349062940738876	0.9318526771726473	
18	0.9472837637559837	0.9472837637559837	0.9472837637559837	0.9454282072925425	
19	0.9377738171738884	0.9377738171738884	0.9377738171738884	0.9347114874817957	
19	0.9420886673205591	0.9420886673205591	0.9420886673205591	0.9384893174549789	
20	0.9359694215154114	0.9359694215154114	0.9359694215154114	0.93194485791944	
20	0.9394773882919353	0.9394773882919353	0.9394773882919353	0.935076206262232	
1	0.9229166666666667	0.9229166666666667	0.9229166666666667	0.9121852910886208	
2	0.9518732539263063	0.9518732539263063	0.9518732539263063	0.9513189761490859	
1	0.96875	0.96875	0.96875	0.969898466161432	
3	0.9511302703689433	0.9511302703689433	0.9511302703689433	0.9403987976769738	
2	0.9597909432870371	0.9597909432870371	0.9597909432870371	0.9582004260376938	
4	0.9371165201105092	0.9371165201105092	0.9371165201105092	0.9367389484504528	
3	0.933974834775899	0.933974834775899	0.933974834775899	0.933938541529805	
5	0.9330589515945066	0.9330589515945066	0.9330589515945066	0.928752566075439	
4	0.9451989251093361	0.9451989251093361	0.9451989251093361	0.9443329100694015	
5	0.9626553015053922	0.9626553015053922	0.9626553015053922	0.96078397636876	
6	0.9396451176091838	0.9396451176091838	0.9396451176091838	0.9359044938054492	
6	0.9635800448461596	0.9635800448461596	0.9635800448461596	0.9634904706697954	
7	0.9148171504864839	0.9148171504864839	0.9148171504864839	0.9116941524715989	
7	0.9558370407284287	0.9558370407284287	0.9558370407284287	0.9537120062402854	
8	0.9213167191298177	0.9213167191298177	0.9213167191298177	0.9178111494285166	
8	0.9555695454775636	0.9555695454775636	0.9555695454775636	0.9523800233122477	
9	0.9224405251101889	0.9224405251101889	0.9224405251101889	0.9198503306340456	
9	0.9377469107530677	0.9377469107530677	0.9377469107530677	0.9344931777403129	
10	0.9112948315974465	0.9112948315974465	0.9112948315974465	0.9073345805759541	
10	0.9384284976944643	0.9384284976944643	0.9384284976944643	0.9366821248202699	
11	0.9260457332270552	0.9260457332270552	0.9260457332270552	0.9214940824809972	
11	0.9393273763647841	0.9393273763647841	0.9393273763647841	0.9369068308873185	
12	0.9072993202462524	0.9072993202462524	0.9072993202462524	0.9014891655429245	
12	0.94501698228834	0.94501698228834	0.94501698228834	0.942612354595964	
13	0.9039652507249846	0.9039652507249846	0.9039652507249846	0.8921250304956936	
13	0.9405339058789275	0.9405339058789275	0.9405339058789275	0.9386605078590353	
14	0.9059956139645914	0.9059956139645914	0.9059956139645914	0.9002019727543347	
14	0.9402712503399192	0.9402712503399192	0.9402712503399192	0.938267162885933	
15	0.9252373924418815	0.9252373924418815	0.9252373924418815	0.9221765030304138	
15	0.942413323119094	0.942413323119094	0.942413323119094	0.9402452208940028	
16	0.9294432030846803	0.9294432030846803	0.9294432030846803	0.9260692308456019	
16	0.9396097608111914	0.9396097608111914	0.9396097608111914	0.9374100185275047	
17	0.9305167525875458	0.9305167525875458	0.9305167525875458	0.927129064852465	
17	0.9428125934735299	0.9428125934735299	0.9428125934735299	0.9412469799401587	
18	0.9360112429274852	0.9360112429274852	0.9360112429274852	0.9327452734834032	
18	0.933499686695025	0.933499686695025	0.933499686695025	0.9314690339844335	
19	0.931866910645905	0.931866910645905	0.931866910645905	0.9281865468943039	
19	0.94323234248719	0.94323234248719	0.94323234248719	0.9405385387312786	
20	0.9317922314466903	0.9317922314466903	0.9317922314466903	0.9283998376760753	
20	0.9491133226399405	0.9491133226399405	0.9491133226399405	0.9462955032476685	
1	0.9761209239130434	0.9761209239130434	0.9761209239130434	0.976239305905679	
1	0.9933035714285714	0.9933035714285714	0.9933035714285714	0.9939495330383934	
2	0.9822671727846094	0.9822671727846094	0.9822671727846094	0.9815650902707014	
3	0.9764916034188156	0.9764916034188156	0.9764916034188156	0.9765693732551978	
2	0.9627976190476191	0.9627976190476191	0.9627976190476191	0.9615539148953803	
4	0.9786447083245104	0.9786447083245104	0.9786447083245104	0.9770528037091394	
3	0.9618055555555555	0.9618055555555555	0.9618055555555555	0.960504286233354	
4	0.9582929368085618	0.9582929368085618	0.9582929368085618	0.9586418822944627	
5	0.9741405969121704	0.9741405969121704	0.9741405969121704	0.972666621673952	
5	0.9403443996753615	0.9403443996753615	0.9403443996753615	0.9367802585448123	
6	0.9668591899631956	0.9668591899631956	0.9668591899631956	0.9648553974683513	
6	0.9534546078508198	0.9534546078508198	0.9534546078508198	0.9480941929779844	
7	0.969903533068719	0.969903533068719	0.969903533068719	0.9685366652014306	
7	0.9516713454162885	0.9516713454162885	0.9516713454162885	0.9491607129890397	
8	0.9618946600992674	0.9618946600992674	0.9618946600992674	0.9600515953072007	
8	0.9534286986207668	0.9534286986207668	0.9534286986207668	0.9511370732199629	
9	0.9666005287197541	0.9666005287197541	0.9666005287197541	0.9652642013463176	
10	0.9621893564215837	0.9621893564215837	0.9621893564215837	0.9610756431320377	
9	0.9468535597762074	0.9468535597762074	0.9468535597762074	0.9436763703973333	
10	0.9364405424688629	0.9364405424688629	0.9364405424688629	0.9331039875112477	
11	0.9535312943516261	0.9535312943516261	0.9535312943516261	0.9520504687138677	
11	0.940369870585888	0.940369870585888	0.940369870585888	0.9375166265188497	
12	0.951597652395863	0.951597652395863	0.951597652395863	0.949605351507225	
12	0.937262674873837	0.937262674873837	0.937262674873837	0.9332015409199452	
13	0.9500509500711485	0.9500509500711485	0.9500509500711485	0.9480818006860103	
13	0.9460453164703845	0.9460453164703845	0.9460453164703845	0.9437502543019934	
14	0.938636093668064	0.938636093668064	0.938636093668064	0.9358913809336121	
14	0.9484142128207097	0.9484142128207097	0.9484142128207097	0.9460381392746813	
15	0.9427933451756515	0.9427933451756515	0.9427933451756515	0.9404392739666368	
15	0.9488279562214951	0.9488279562214951	0.9488279562214951	0.9464024347701785	
16	0.9444732789481678	0.9444732789481678	0.9444732789481678	0.9416468334606805	
16	0.9473936221810875	0.9473936221810875	0.9473936221810875	0.9455027352174699	
17	0.9376160624496711	0.9376160624496711	0.9376160624496711	0.9344459042657604	
17	0.9483887809225221	0.9483887809225221	0.9483887809225221	0.9460363404949083	
18	0.940174434148285	0.940174434148285	0.940174434148285	0.936776858661158	
18	0.950596515655664	0.950596515655664	0.950596515655664	0.9479993129521511	
19	0.9391542315400402	0.9391542315400402	0.9391542315400402	0.9368383761648541	
19	0.9487203869904924	0.9487203869904924	0.9487203869904924	0.945937881119665	
20	0.9425583820960105	0.9425583820960105	0.9425583820960105	0.9400805564775043	
20	0.9519362471778228	0.9519362471778228	0.9519362471778228	0.9485299717047095	
