1	0.9724770642201835	0.9723491109063347	0.9724770642201835	0.9723749286526097	
2	0.9445517131931744	0.9482081028054843	0.9445517131931744	0.944249977951808	
1	0.9461069915254238	0.950288841157674	0.94785748319369	0.9470800492677526	
1	0.99375	0.9941358411703239	0.994787296037296	0.9943194683506572	
2	0.9765285326086957	0.9766264604262938	0.9761832029391763	0.9754160432174019	
3	0.9812127024722933	0.9810360719221008	0.9817450648575289	0.9806866265603363	
4	0.9803469993592476	0.9790409926239645	0.9781441439385901	0.9781300124108686	
5	0.9732396493668073	0.9737350882167644	0.9728884497261765	0.9710025183641731	
6	0.9632351949725604	0.9632223832931142	0.9624759265404111	0.9615938005839443	
7	0.9597519735466736	0.9601076866168335	0.9590987732633206	0.9582706919049503	
8	0.9508650572185079	0.9522869417708574	0.9507461719601404	0.9496036829722997	
9	0.9390645185857073	0.9406461458317411	0.9362545247943093	0.9339208269892553	
10	0.9388554194416011	0.9451169062902528	0.9400613108579975	0.9378015082201191	
11	0.9260068453921466	0.9401702891103625	0.929559803437805	0.9256020324633631	
12	0.925229855267904	0.9368387337122043	0.9263077956081012	0.924198086625324	
13	0.9310396705534624	0.9385833271960777	0.9301681625943927	0.9278259771126751	
14	0.9327279991761595	0.9402246693795038	0.9328975806671664	0.9297239291791289	
15	0.9176483069059763	0.9254831839267532	0.9172685177353327	0.9111093586506717	
16	0.9160223881983093	0.9239024031189111	0.9170080124050095	0.9107842390069204	
17	0.9276119596043656	0.9317320226205581	0.9256613160570951	0.9226718737465437	
18	0.9203476319099855	0.9293586937146474	0.9215784918893548	0.9149599344849949	
19	0.9311356229955979	0.9374403178460042	0.9315601310925253	0.9271604225780709	
20	0.9244621479030826	0.9322972244226815	0.9250488835447948	0.9205684563192659	
1	0.8251126567398118	0.8251126567398118	0.8251126567398118	0.8196554242846349	
2	0.8932068644877315	0.8932068644877315	0.8932068644877315	0.8904772304885139	
3	0.9071291816594758	0.9071291816594758	0.9071291816594758	0.9049989248265161	
4	0.9012628446553932	0.9012628446553932	0.9012628446553932	0.89945045526918	
5	0.932013606078932	0.932013606078932	0.932013606078932	0.930420084847238	
6	0.9330136827339034	0.9330136827339034	0.9330136827339034	0.929119992323515	
7	0.9386525379941331	0.9386525379941331	0.9386525379941331	0.9341107958981387	
8	0.9356920019725352	0.9356920019725352	0.9356920019725352	0.9300494264405372	
9	0.9456576279629745	0.9456576279629745	0.9456576279629745	0.9435796981895046	
10	0.9512666331648646	0.9512666331648646	0.9512666331648646	0.9485690249073674	
11	0.9434549236659738	0.9434549236659738	0.9434549236659738	0.9398523650818404	
12	0.9404386065241078	0.9404386065241078	0.9404386065241078	0.9351993057791917	
13	0.9425163987557627	0.9425163987557627	0.9425163987557627	0.9388203837461693	
14	0.9429795323503486	0.9429795323503486	0.9429795323503486	0.9406112448951028	
15	0.9486248845646142	0.9486248845646142	0.9486248845646142	0.9445964362269836	
16	0.9444223133284131	0.9444223133284131	0.9444223133284131	0.9412724325325065	
17	0.9392239534908374	0.9392239534908374	0.9392239534908374	0.935846507798997	
18	0.934142483314959	0.934142483314959	0.934142483314959	0.9318593840801008	
19	0.937315382240147	0.937315382240147	0.937315382240147	0.9351636308259775	
20	0.9376324682282805	0.9376324682282805	0.9376324682282805	0.9350891547754954	
1	0.9921875	0.9921875	0.9921875	0.9920727847300558	
2	0.9886307565789474	0.9886307565789474	0.9886307565789474	0.988390660238214	
3	0.9400768286115616	0.9400768286115616	0.9400768286115616	0.9403495387505009	
4	0.9362954394216072	0.9362954394216072	0.9362954394216072	0.9328844549299254	
5	0.9357951204783573	0.9357951204783573	0.9357951204783573	0.9311093801657018	
6	0.9402658697190404	0.9402658697190404	0.9402658697190404	0.9368341642501941	
7	0.9423377274825032	0.9423377274825032	0.9423377274825032	0.9417925314352755	
8	0.9407367382733305	0.9407367382733305	0.9407367382733305	0.9394803674924566	
9	0.9369518928531316	0.9369518928531316	0.9369518928531316	0.9344813141798141	
10	0.9299959659882779	0.9299959659882779	0.9299959659882779	0.9268413481375803	
11	0.9364332486692039	0.9364332486692039	0.9364332486692039	0.9330868979401454	
12	0.937156767980048	0.937156767980048	0.937156767980048	0.935236250371743	
13	0.9357470848879151	0.9357470848879151	0.9357470848879151	0.932019840122879	
14	0.943210328259377	0.943210328259377	0.943210328259377	0.9407816233771281	
15	0.9399335010732407	0.9399335010732407	0.9399335010732407	0.9375779860089426	
16	0.9415404265444766	0.9415404265444766	0.9415404265444766	0.9390549259985074	
17	0.9388375901129338	0.9388375901129338	0.9388375901129338	0.9364305586818183	
18	0.9446871834898363	0.9446871834898363	0.9446871834898363	0.9428547662454435	
19	0.9444259243929691	0.9444259243929691	0.9444259243929691	0.9419161098152206	
20	0.9430964413069447	0.9430964413069447	0.9430964413069447	0.9395227890564855	
1	0.9769345238095238	0.9769345238095238	0.9769345238095238	0.9766838556268292	
2	0.9731421736309884	0.9731421736309884	0.9731421736309884	0.9681807575200365	
3	0.9700719009522448	0.9700719009522448	0.9700719009522448	0.96884361298983	
4	0.94790604410747	0.94790604410747	0.94790604410747	0.9466432933110778	
5	0.9516515846685248	0.9516515846685248	0.9516515846685248	0.9497138629546928	
6	0.9623469592900048	0.9623469592900048	0.9623469592900048	0.9601955724837808	
7	0.9647205146711426	0.9647205146711426	0.9647205146711426	0.9630796440407147	
8	0.9630307047247724	0.9630307047247724	0.9630307047247724	0.95841777813062	
9	0.9640867505654902	0.9640867505654902	0.9640867505654902	0.961916786613107	
10	0.9530270093434992	0.9530270093434992	0.9530270093434992	0.9500931083001879	
11	0.9571066683643257	0.9571066683643257	0.9571066683643257	0.9549441460535867	
12	0.9545981171553191	0.9545981171553191	0.9545981171553191	0.951669877384496	
13	0.953622344172322	0.953622344172322	0.953622344172322	0.9514538426590791	
14	0.947284696872401	0.947284696872401	0.947284696872401	0.9444477420759044	
15	0.9494539045200336	0.9494539045200336	0.9494539045200336	0.9465943955750584	
16	0.9362384880066218	0.9362384880066218	0.9362384880066218	0.9338119059550798	
17	0.9374604917333087	0.9374604917333087	0.9374604917333087	0.934665172876286	
18	0.9401185351251201	0.9401185351251201	0.9401185351251201	0.9356987855747197	
19	0.9437634161465959	0.9437634161465959	0.9437634161465959	0.9410973220969356	
20	0.9430320994204788	0.9430320994204788	0.9430320994204788	0.9404362868916394	
1	0.9735128837719298	0.9735128837719298	0.9735128837719298	0.9727129246866387	
2	0.9480414404416619	0.9480414404416619	0.9480414404416619	0.9467744439762162	
3	0.9556678066400738	0.9556678066400738	0.9556678066400738	0.9527893710597054	
4	0.9485006541364458	0.9485006541364458	0.9485006541364458	0.9461454141839193	
5	0.9524296755570969	0.9524296755570969	0.9524296755570969	0.9503264170374492	
6	0.9557951948140585	0.9557951948140585	0.9557951948140585	0.9540573402137741	
7	0.9500439170630247	0.9500439170630247	0.9500439170630247	0.9481266220017381	
8	0.9571861984535162	0.9571861984535162	0.9571861984535162	0.9556283553286897	
9	0.9482312274226273	0.9482312274226273	0.9482312274226273	0.9458912835578022	
10	0.9545182975144236	0.9545182975144236	0.9545182975144236	0.9535093621879849	
11	0.9530225110560132	0.9530225110560132	0.9530225110560132	0.9522044635791166	
12	0.9537693979918366	0.9537693979918366	0.9537693979918366	0.9524100928037633	
13	0.9554407417832009	0.9554407417832009	0.9554407417832009	0.9534554997756058	
14	0.9489105825311744	0.9489105825311744	0.9489105825311744	0.9465636355403989	
15	0.9511364542058616	0.9511364542058616	0.9511364542058616	0.9491539016163729	
16	0.9456891566298482	0.9456891566298482	0.9456891566298482	0.9427402239838304	
17	0.9413685227831001	0.9413685227831001	0.9413685227831001	0.9395220357130706	
18	0.9518002584943795	0.9518002584943795	0.9518002584943795	0.9488022858949436	
19	0.9358595900853357	0.9358595900853357	0.9358595900853357	0.9338539104888121	
20	0.9328232346558302	0.9328232346558302	0.9328232346558302	0.9272073787528983	
1	0.8544921875	0.8544921875	0.8544921875	0.8462073593536944	
2	0.9056640625	0.9056640625	0.9056640625	0.8965994952290977	
3	0.9211767918603612	0.9211767918603612	0.9211767918603612	0.9174931351047785	
4	0.9452126786552387	0.9452126786552387	0.9452126786552387	0.9434227285941107	
5	0.944854499423883	0.944854499423883	0.944854499423883	0.9422417493387554	
6	0.93546806891344	0.93546806891344	0.93546806891344	0.9338564068760208	
7	0.948964089181772	0.948964089181772	0.948964089181772	0.9458211485826904	
8	0.9254167423085109	0.9254167423085109	0.9254167423085109	0.9222786616165458	
9	0.9301908559738874	0.9301908559738874	0.9301908559738874	0.9256212541155207	
10	0.9451713113338969	0.9451713113338969	0.9451713113338969	0.942455570761054	
11	0.9225576724316916	0.9225576724316916	0.9225576724316916	0.9145475438888799	
12	0.9248490425236872	0.9248490425236872	0.9248490425236872	0.9182987863404808	
13	0.9364297102235933	0.9364297102235933	0.9364297102235933	0.9301555762153548	
14	0.9264603131843419	0.9264603131843419	0.9264603131843419	0.918702921412881	
15	0.9396031186081902	0.9396031186081902	0.9396031186081902	0.9363297005295245	
16	0.9359691905917056	0.9359691905917056	0.9359691905917056	0.9316614593449501	
17	0.9374836359466242	0.9374836359466242	0.9374836359466242	0.9342085295938114	
18	0.9379866778279892	0.9379866778279892	0.9379866778279892	0.9351965490601627	
19	0.922863204229366	0.922863204229366	0.922863204229366	0.9166480821345037	
20	0.9363310990916535	0.9363310990916535	0.9363310990916535	0.9349986082066832	
1	0.9725881968641116	0.9725881968641116	0.9725881968641116	0.9725592189772428	
2	0.9049728694831591	0.9049728694831591	0.9049728694831591	0.909051738861014	
3	0.9160515013858731	0.9160515013858731	0.9160515013858731	0.9147036947548353	
4	0.9203488852617686	0.9203488852617686	0.9203488852617686	0.9204291861398536	
5	0.9300317543910257	0.9300317543910257	0.9300317543910257	0.9287706375358304	
6	0.9479604185600204	0.9479604185600204	0.9479604185600204	0.9454403485705106	
7	0.9453412682218226	0.9453412682218226	0.9453412682218226	0.9445777469688632	
8	0.9417196829619543	0.9417196829619543	0.9417196829619543	0.9411472301669328	
9	0.9228628507127988	0.9228628507127988	0.9228628507127988	0.9200283343966659	
10	0.9288788281943298	0.9288788281943298	0.9288788281943298	0.9256407224701256	
11	0.9313525858421934	0.9313525858421934	0.9313525858421934	0.9284092492066907	
12	0.929611389133493	0.929611389133493	0.929611389133493	0.9279698813984486	
13	0.9346471667823715	0.9346471667823715	0.9346471667823715	0.9323460634089984	
14	0.9376842070617745	0.9376842070617745	0.9376842070617745	0.9349349409874697	
15	0.936938741778588	0.936938741778588	0.936938741778588	0.9345382570040027	
16	0.9425155662888465	0.9425155662888465	0.9425155662888465	0.9395833937862645	
17	0.9461126261310912	0.9461126261310912	0.9461126261310912	0.9432141145338367	
18	0.9444404222127256	0.9444404222127256	0.9444404222127256	0.9423746915156307	
19	0.9452045361555661	0.9452045361555661	0.9452045361555661	0.942910890266158	
20	0.9434683979973206	0.9434683979973206	0.9434683979973206	0.9412149375972634	
1	0.9698208722741434	0.9698208722741434	0.9698208722741434	0.9707226415284106	
2	0.9791205982977302	0.9791205982977302	0.9791205982977302	0.9782958513601461	
3	0.9583193756070288	0.9583193756070288	0.9583193756070288	0.958013271636173	
4	0.9449610838040059	0.9449610838040059	0.9449610838040059	0.9393189988476317	
5	0.9436811800485806	0.9436811800485806	0.9436811800485806	0.9381043976183948	
6	0.9550643380661986	0.9550643380661986	0.9550643380661986	0.9534142526401995	
7	0.9479578273602075	0.9479578273602075	0.9479578273602075	0.9456887223339194	
8	0.9547277230171067	0.9547277230171067	0.9547277230171067	0.9530523478479234	
9	0.9559945248990969	0.9559945248990969	0.9559945248990969	0.9542114257331521	
10	0.9504860407052419	0.9504860407052419	0.9504860407052419	0.947798989810108	
11	0.9526550686602213	0.9526550686602213	0.9526550686602213	0.949782713538523	
12	0.9572530770367244	0.9572530770367244	0.9572530770367244	0.9548567771725391	
13	0.9536825443649377	0.9536825443649377	0.9536825443649377	0.9503953930422202	
14	0.9426360425398145	0.9426360425398145	0.9426360425398145	0.9384891755777467	
15	0.9394402312831238	0.9394402312831238	0.9394402312831238	0.9355002041416077	
16	0.9393577236532321	0.9393577236532321	0.9393577236532321	0.9361738501945708	
17	0.9420540365853578	0.9420540365853578	0.9420540365853578	0.939270173942469	
18	0.9334014226476479	0.9334014226476479	0.9334014226476479	0.9295607324510746	
19	0.9419579315270018	0.9419579315270018	0.9419579315270018	0.9383814528402333	
20	0.9360354004237295	0.9360354004237295	0.9360354004237295	0.9321433385786613	
1	0.9825721153846154	0.9825721153846154	0.9825721153846154	0.9828725284380246	
2	0.9759635687370063	0.9759635687370063	0.9759635687370063	0.9754453645159187	
3	0.9833613446894697	0.9833613446894697	0.9833613446894697	0.9832922294130345	
4	0.9852033716184845	0.9852033716184845	0.9852033716184845	0.9845344552750026	
5	0.9768951577512504	0.9768951577512504	0.9768951577512504	0.9761637583534928	
6	0.9785283412351427	0.9785283412351427	0.9785283412351427	0.9778362647979552	
7	0.976414600071253	0.976414600071253	0.976414600071253	0.9756761878457462	
8	0.978159008269166	0.978159008269166	0.978159008269166	0.9773098815337254	
9	0.9744163858810394	0.9744163858810394	0.9744163858810394	0.9735930546152436	
10	0.9750644586618626	0.9750644586618626	0.9750644586618626	0.9741579386636326	
11	0.9688095429440683	0.9688095429440683	0.9688095429440683	0.9667710515600393	
12	0.9648663808628096	0.9648663808628096	0.9648663808628096	0.9636121063183073	
13	0.9565953026220654	0.9565953026220654	0.9565953026220654	0.9555564557268895	
14	0.9540325903369306	0.9540325903369306	0.9540325903369306	0.9521285849744482	
15	0.946724945386129	0.946724945386129	0.946724945386129	0.9445480802556661	
16	0.9372830872197864	0.9372830872197864	0.9372830872197864	0.9331030832174743	
17	0.9429268761443865	0.9429268761443865	0.9429268761443865	0.9409903639193845	
18	0.9403384963466078	0.9403384963466078	0.9403384963466078	0.9377215542103478	
19	0.9379317410537391	0.9379317410537391	0.9379317410537391	0.9339740699200596	
20	0.9418160641923576	0.9418160641923576	0.9418160641923576	0.9382608015255924	
1	0.9626736111111112	0.9626736111111112	0.9626736111111112	0.9616109872742832	
2	0.9628106277233115	0.9628106277233115	0.9628106277233115	0.9620684025547728	
3	0.9597939928286129	0.9597939928286129	0.9597939928286129	0.9561278861814538	
4	0.9556301757191403	0.9556301757191403	0.9556301757191403	0.9534660283242593	
5	0.9417895432513401	0.9417895432513401	0.9417895432513401	0.9398334995511988	
6	0.939877447951381	0.939877447951381	0.939877447951381	0.9387046567159126	
7	0.940293020818822	0.940293020818822	0.940293020818822	0.9375776327698413	
8	0.9484263669124234	0.9484263669124234	0.9484263669124234	0.9462294047364006	
9	0.9433108548721906	0.9433108548721906	0.9433108548721906	0.9405493829681304	
10	0.9491813067078185	0.9491813067078185	0.9491813067078185	0.9460979199603592	
11	0.9484189820703619	0.9484189820703619	0.9484189820703619	0.9448999862485707	
12	0.9358107141063977	0.9358107141063977	0.9358107141063977	0.931035209134334	
13	0.9276231409435993	0.9276231409435993	0.9276231409435993	0.9238803509285758	
14	0.9278828407330997	0.9278828407330997	0.9278828407330997	0.9248193612347916	
15	0.9218551564317236	0.9218551564317236	0.9218551564317236	0.9178119239432635	
16	0.925014201834854	0.925014201834854	0.925014201834854	0.920341120308598	
17	0.92656811482948	0.92656811482948	0.92656811482948	0.9211678483101169	
18	0.9256935944934455	0.9256935944934455	0.9256935944934455	0.9201397442392795	
19	0.9247560116481663	0.9247560116481663	0.9247560116481663	0.9197957220839315	
20	0.933543965139806	0.933543965139806	0.933543965139806	0.9294798112099066	
1	0.9969758064516129	0.9969758064516129	0.9969758064516129	0.9970954802320093	
2	0.9866059155058651	0.9866059155058651	0.9866059155058651	0.9855295020499397	
3	0.9812321388840256	0.9812321388840256	0.9812321388840256	0.9802758369471194	
4	0.9611051793881973	0.9611051793881973	0.9611051793881973	0.9609075853371323	
5	0.9600960104406706	0.9600960104406706	0.9600960104406706	0.9583087997936195	
6	0.9664001820404158	0.9664001820404158	0.9664001820404158	0.9649040416976548	
7	0.973317521482473	0.973317521482473	0.973317521482473	0.9727332068929802	
8	0.9594277305929639	0.9594277305929639	0.9594277305929639	0.9572554838011381	
9	0.9652462255301862	0.9652462255301862	0.9652462255301862	0.964054170069908	
10	0.9657595050002106	0.9657595050002106	0.9657595050002106	0.9647572628678823	
11	0.9438167766768906	0.9438167766768906	0.9438167766768906	0.9419744884648058	
12	0.9437531645468017	0.9437531645468017	0.9437531645468017	0.9421269265955262	
13	0.9414907799621068	0.9414907799621068	0.9414907799621068	0.9383443551193603	
14	0.9382215189610331	0.9382215189610331	0.9382215189610331	0.9353012539113686	
15	0.9318813236666323	0.9318813236666323	0.9318813236666323	0.9281036330812932	
16	0.9435946359293707	0.9435946359293707	0.9435946359293707	0.9413292947044022	
17	0.940279931672854	0.940279931672854	0.940279931672854	0.9373183013625982	
18	0.9428852068540716	0.9428852068540716	0.9428852068540716	0.9401142424559468	
19	0.9403986647817945	0.9403986647817945	0.9403986647817945	0.9379745488419915	
20	0.9378717879643931	0.9378717879643931	0.9378717879643931	0.9350176941391364	
1	0.9891237745098039	0.9891237745098039	0.9891237745098039	0.98890517836315	
2	0.9891655525846702	0.9891655525846702	0.9891655525846702	0.9890247511130286	
3	0.9515186330213904	0.9515186330213904	0.9515186330213904	0.9507512670847375	
4	0.9540233376100546	0.9540233376100546	0.9540233376100546	0.9535778945665434	
5	0.9599482823875091	0.9599482823875091	0.9599482823875091	0.958661801873466	
6	0.9555673644668369	0.9555673644668369	0.9555673644668369	0.9510461837642549	
7	0.954629447905992	0.954629447905992	0.954629447905992	0.9536900709023596	
8	0.9462727500212773	0.9462727500212773	0.9462727500212773	0.9430069597974982	
9	0.926823157025383	0.926823157025383	0.926823157025383	0.9231712367754129	
10	0.9261188676601432	0.9261188676601432	0.9261188676601432	0.9242145474819464	
11	0.9295303504652995	0.9295303504652995	0.9295303504652995	0.9287699064271583	
12	0.9254710715838778	0.9254710715838778	0.9254710715838778	0.9214905016430205	
13	0.9275730213070587	0.9275730213070587	0.9275730213070587	0.9246692420824617	
14	0.9328808523302262	0.9328808523302262	0.9328808523302262	0.929476052714766	
15	0.9335049958963608	0.9335049958963608	0.9335049958963608	0.931044888547899	
16	0.9294509006450871	0.9294509006450871	0.9294509006450871	0.927059415076506	
17	0.9281264824870619	0.9281264824870619	0.9281264824870619	0.9256103326278896	
18	0.9309250794850157	0.9309250794850157	0.9309250794850157	0.9268611687068253	
19	0.9351462923777248	0.9351462923777248	0.9351462923777248	0.9313560764867767	
20	0.9331644067525213	0.9331644067525213	0.9331644067525213	0.930546647592443	
1	0.9941780411877396	0.9941780411877396	0.9941780411877396	0.9940700977637715	
2	0.9855408137331629	0.9855408137331629	0.9855408137331629	0.9850309466475571	
3	0.9817074012846073	0.9817074012846073	0.9817074012846073	0.9810813383274682	
4	0.9545402930964861	0.9545402930964861	0.9545402930964861	0.9509191718786173	
5	0.9547349169467305	0.9547349169467305	0.9547349169467305	0.9538459513027948	
6	0.9506240921206691	0.9506240921206691	0.9506240921206691	0.9480652203497089	
7	0.9499352274544248	0.9499352274544248	0.9499352274544248	0.9484219686925842	
8	0.9367020220561314	0.9367020220561314	0.9367020220561314	0.9341714213835858	
9	0.9430943764427607	0.9430943764427607	0.9430943764427607	0.9398893454122792	
10	0.9401272850762681	0.9401272850762681	0.9401272850762681	0.9376302315208396	
11	0.9407600745818002	0.9407600745818002	0.9407600745818002	0.9384275772286766	
12	0.9460123851853842	0.9460123851853842	0.9460123851853842	0.9436369973006212	
13	0.9523506015073864	0.9523506015073864	0.9523506015073864	0.949190823796513	
14	0.9391668750938779	0.9391668750938779	0.9391668750938779	0.9368168117908349	
15	0.9368788458086478	0.9368788458086478	0.9368788458086478	0.9342963815695313	
16	0.9374235830113631	0.9374235830113631	0.9374235830113631	0.9337210974140495	
17	0.9396123186094886	0.9396123186094886	0.9396123186094886	0.9376414711669689	
18	0.9388078973789784	0.9388078973789784	0.9388078973789784	0.9360846549034993	
19	0.9380892328970402	0.9380892328970402	0.9380892328970402	0.934614696623781	
20	0.9341700098698599	0.9341700098698599	0.9341700098698599	0.9285800265295874	
1	0.993057528409091	0.993057528409091	0.993057528409091	0.9933458180358272	
2	0.9931901041666666	0.9931901041666666	0.9931901041666666	0.9930024140583558	
3	0.9208111085343228	0.9208111085343228	0.9208111085343228	0.9185160288931474	
4	0.8983780114200037	0.8983780114200037	0.8983780114200037	0.8932930626262965	
5	0.9001375356180045	0.9001375356180045	0.9001375356180045	0.8967712478050945	
6	0.8923657421239266	0.8923657421239266	0.8923657421239266	0.8883427334594352	
7	0.9132409385131801	0.9132409385131801	0.9132409385131801	0.9067042029714898	
8	0.9227149560206989	0.9227149560206989	0.9227149560206989	0.9192214726901093	
9	0.9303813858627465	0.9303813858627465	0.9303813858627465	0.9267111217511168	
10	0.9264651322136471	0.9264651322136471	0.9264651322136471	0.9237569403518044	
11	0.9256024739976713	0.9256024739976713	0.9256024739976713	0.9209988784997857	
12	0.9282509450915996	0.9282509450915996	0.9282509450915996	0.9242366164725319	
13	0.9174697708274562	0.9174697708274562	0.9174697708274562	0.9127707255025967	
14	0.922695800383622	0.922695800383622	0.922695800383622	0.9188875220710859	
15	0.9287779665001507	0.9287779665001507	0.9287779665001507	0.9259441505666578	
16	0.9292301258015774	0.9292301258015774	0.9292301258015774	0.9255248026726696	
17	0.9287924565607167	0.9287924565607167	0.9287924565607167	0.9236276968538852	
18	0.9183069245425782	0.9183069245425782	0.9183069245425782	0.9115463031413036	
19	0.9193958181795381	0.9193958181795381	0.9193958181795381	0.91318402671872	
20	0.922588904116183	0.922588904116183	0.922588904116183	0.9150635596996741	
1	0.9947916666666666	0.9947916666666666	0.9947916666666666	0.9946051910345112	
2	0.9758378623188406	0.9758378623188406	0.9758378623188406	0.9745345254302131	
3	0.9798649556462057	0.9798649556462057	0.9798649556462057	0.9794087968986482	
4	0.961990397887137	0.961990397887137	0.961990397887137	0.9610708929694878	
5	0.9591916361785022	0.9591916361785022	0.9591916361785022	0.9583980962271894	
6	0.9477617627496855	0.9477617627496855	0.9477617627496855	0.9459647568078243	
7	0.9357680481819157	0.9357680481819157	0.9357680481819157	0.9324166203002794	
8	0.9504153220197084	0.9504153220197084	0.9504153220197084	0.9464129700317037	
9	0.9483407534660494	0.9483407534660494	0.9483407534660494	0.9455864207204105	
10	0.9520156891761538	0.9520156891761538	0.9520156891761538	0.9496619036344095	
11	0.9503490825261519	0.9503490825261519	0.9503490825261519	0.9488041328745079	
12	0.9437063005873695	0.9437063005873695	0.9437063005873695	0.9406464581691406	
13	0.9374792984262027	0.9374792984262027	0.9374792984262027	0.9332044566642482	
14	0.9408262090560049	0.9408262090560049	0.9408262090560049	0.9354987237831142	
15	0.9375563747555957	0.9375563747555957	0.9375563747555957	0.9337344904880766	
16	0.9419638305533525	0.9419638305533525	0.9419638305533525	0.9391409602119236	
17	0.9419067309890511	0.9419067309890511	0.9419067309890511	0.9391478557937589	
18	0.941171881450273	0.941171881450273	0.941171881450273	0.9384959227553179	
19	0.9456178061138352	0.9456178061138352	0.9456178061138352	0.9429901350008845	
20	0.9439372376841144	0.9439372376841144	0.9439372376841144	0.9418902215771071	
1	0.9942908653846154	0.9942908653846154	0.9942908653846154	0.9941497549637124	
2	0.9857421875	0.9857421875	0.9857421875	0.9850812783692109	
3	0.973939697754353	0.973939697754353	0.973939697754353	0.973031813172139	
4	0.9751710867416497	0.9751710867416497	0.9751710867416497	0.9743354309999892	
5	0.9726701595233355	0.9726701595233355	0.9726701595233355	0.9722183651004483	
6	0.9715692585665995	0.9715692585665995	0.9715692585665995	0.97074316485765	
7	0.9633958459000953	0.9633958459000953	0.9633958459000953	0.9621559699403485	
8	0.9655787293807707	0.9655787293807707	0.9655787293807707	0.9640034482754715	
9	0.9573833117347189	0.9573833117347189	0.9573833117347189	0.9557387340925351	
10	0.9553989093703557	0.9553989093703557	0.9553989093703557	0.9540395264321372	
11	0.9599976942717064	0.9599976942717064	0.9599976942717064	0.9583531101638255	
12	0.9537009681741697	0.9537009681741697	0.9537009681741697	0.9514850305198431	
13	0.9565809294571607	0.9565809294571607	0.9565809294571607	0.9547262358860672	
14	0.9570702270838272	0.9570702270838272	0.9570702270838272	0.9547625625200541	
15	0.9590742382736767	0.9590742382736767	0.9590742382736767	0.9580825121862534	
16	0.9510007036289276	0.9510007036289276	0.9510007036289276	0.9491305937376421	
17	0.9453891146915591	0.9453891146915591	0.9453891146915591	0.942320466707357	
18	0.9429760080819565	0.9429760080819565	0.9429760080819565	0.9402210225773524	
19	0.9445508116863528	0.9445508116863528	0.9445508116863528	0.9407518228100006	
20	0.9363580982092221	0.9363580982092221	0.9363580982092221	0.9332525712492046	
1	0.996875	0.996875	0.996875	0.9967580868100073	
2	0.9902173913043478	0.9902173913043478	0.9902173913043478	0.990031287413158	
3	0.985005627046887	0.985005627046887	0.985005627046887	0.9842996333793192	
4	0.984686849056961	0.984686849056961	0.984686849056961	0.9846390173355952	
5	0.9725107541204888	0.9725107541204888	0.9725107541204888	0.9718677374719966	
6	0.9574747871930672	0.9574747871930672	0.9574747871930672	0.9554710724220405	
7	0.9546134600004724	0.9546134600004724	0.9546134600004724	0.9504961360263398	
8	0.9518147957687036	0.9518147957687036	0.9518147957687036	0.9491307762602472	
9	0.9488366822367644	0.9488366822367644	0.9488366822367644	0.9462480580885835	
10	0.950395438103677	0.950395438103677	0.950395438103677	0.9467074553535836	
11	0.947718164254525	0.947718164254525	0.947718164254525	0.9429319636689498	
12	0.9513895142323233	0.9513895142323233	0.9513895142323233	0.9490195507380389	
13	0.9539581394610457	0.9539581394610457	0.9539581394610457	0.9521040263866514	
14	0.9527183755344902	0.9527183755344902	0.9527183755344902	0.9502166188316249	
15	0.9487196731527029	0.9487196731527029	0.9487196731527029	0.9466750069247588	
16	0.8847257269864856	0.8847257269864856	0.8847257269864856	0.8710370542319692	
17	0.9375234131697224	0.9375234131697224	0.9375234131697224	0.9345469126809048	
18	0.9436566600589311	0.9436566600589311	0.9436566600589311	0.9404193008764261	
19	0.9330518367354664	0.9330518367354664	0.9330518367354664	0.9292705880137512	
20	0.9361675191785996	0.9361675191785996	0.9361675191785996	0.9332723449925892	
1	0.9990234375	0.9990234375	0.9990234375	0.9990737564322469	
2	0.9855942234848485	0.9855942234848485	0.9855942234848485	0.985519265015818	
3	0.9699827857778965	0.9699827857778965	0.9699827857778965	0.968545400630636	
4	0.9532310645938418	0.9532310645938418	0.9532310645938418	0.9474282949043855	
5	0.9422756835261186	0.9422756835261186	0.9422756835261186	0.9398088028991051	
6	0.9485154979413121	0.9485154979413121	0.9485154979413121	0.9443482336228365	
7	0.938230558567727	0.938230558567727	0.938230558567727	0.935204244825117	
8	0.9341949585126736	0.9341949585126736	0.9341949585126736	0.9289469785822999	
9	0.946076107034716	0.946076107034716	0.946076107034716	0.9421933476131438	
10	0.9418584163849703	0.9418584163849703	0.9418584163849703	0.9374889081766493	
11	0.9402528316162377	0.9402528316162377	0.9402528316162377	0.9343304430178434	
12	0.9373926320510709	0.9373926320510709	0.9373926320510709	0.933991769345459	
13	0.9357917699186703	0.9357917699186703	0.9357917699186703	0.932768999575804	
14	0.9373444700541389	0.9373444700541389	0.9373444700541389	0.9346109500550128	
15	0.927049391021085	0.927049391021085	0.927049391021085	0.9224560077638877	
16	0.9392614249104231	0.9392614249104231	0.9392614249104231	0.9358734622126863	
17	0.9368777100325	0.9368777100325	0.9368777100325	0.9341655827191585	
18	0.9312669440934509	0.9312669440934509	0.9312669440934509	0.9277461009369973	
19	0.9377417688077438	0.9377417688077438	0.9377417688077438	0.9335506992975998	
20	0.9319359322927054	0.9319359322927054	0.9319359322927054	0.9290215146485279	
1	0.9638097426470589	0.9638097426470589	0.9638097426470589	0.9655773029959882	
2	0.9601179245283018	0.9601179245283018	0.9601179245283018	0.9595813512254734	
3	0.9501048218029351	0.9501048218029351	0.9501048218029351	0.947592955151115	
4	0.9526364309651154	0.9526364309651154	0.9526364309651154	0.9507131501817612	
5	0.9593648781446541	0.9593648781446541	0.9593648781446541	0.9577528826078605	
6	0.9543140302198573	0.9543140302198573	0.9543140302198573	0.9521174591201729	
7	0.9609586291121707	0.9609586291121707	0.9609586291121707	0.9598832923307837	
8	0.9320960716280229	0.9320960716280229	0.9320960716280229	0.9301691404504215	
9	0.9372226617331035	0.9372226617331035	0.9372226617331035	0.9340235010281381	
10	0.9382838320626355	0.9382838320626355	0.9382838320626355	0.9348099315958859	
11	0.9356643060288675	0.9356643060288675	0.9356643060288675	0.9329528149259144	
12	0.9355244320965769	0.9355244320965769	0.9355244320965769	0.9325381335976011	
13	0.9319317617802498	0.9319317617802498	0.9319317617802498	0.9283886822945314	
14	0.9341634328046584	0.9341634328046584	0.9341634328046584	0.9304499301141868	
15	0.9371309819346901	0.9371309819346901	0.9371309819346901	0.933775853425928	
16	0.9324676451531966	0.9324676451531966	0.9324676451531966	0.9298032761830193	
17	0.930306681425731	0.930306681425731	0.930306681425731	0.9269291068996482	
18	0.9308881198652386	0.9308881198652386	0.9308881198652386	0.9280934589282381	
19	0.9276152192271349	0.9276152192271349	0.9276152192271349	0.9235765297202372	
20	0.9287264142365081	0.9287264142365081	0.9287264142365081	0.9246404328943398	
1	0.99609375	0.99609375	0.99609375	0.996262235863351	
2	0.9948068071705427	0.9948068071705427	0.9948068071705427	0.994873402443244	
3	0.9890509966322055	0.9890509966322055	0.9890509966322055	0.98901665758439	
4	0.980032968162594	0.980032968162594	0.980032968162594	0.9792287714204613	
5	0.9736661771616542	0.9736661771616542	0.9736661771616542	0.9736954947934141	
6	0.9632864192108784	0.9632864192108784	0.9632864192108784	0.9621968045402217	
7	0.9615361226727533	0.9615361226727533	0.9615361226727533	0.9605662147421157	
8	0.949245672813139	0.949245672813139	0.949245672813139	0.9472672304237442	
9	0.9595891174658467	0.9595891174658467	0.9595891174658467	0.9577024313147968	
10	0.9582591937631143	0.9582591937631143	0.9582591937631143	0.9554786086003066	
11	0.9576922142493214	0.9576922142493214	0.9576922142493214	0.9567380693326224	
12	0.960413353944935	0.960413353944935	0.960413353944935	0.9591370646317515	
13	0.9522747531949065	0.9522747531949065	0.9522747531949065	0.951053758372076	
14	0.9542690802542172	0.9542690802542172	0.9542690802542172	0.953554037952592	
15	0.9552706707594859	0.9552706707594859	0.9552706707594859	0.9527052489497024	
16	0.9476657905188819	0.9476657905188819	0.9476657905188819	0.946155543284756	
17	0.9383105256380267	0.9383105256380267	0.9383105256380267	0.9358559901191431	
18	0.9441017711133477	0.9441017711133477	0.9441017711133477	0.9423729529853352	
19	0.9361355334394895	0.9361355334394895	0.9361355334394895	0.9333459210896139	
20	0.9404808897836533	0.9404808897836533	0.9404808897836533	0.9383427160049351	
1	0.9895833333333334	0.9895833333333334	0.9895833333333334	0.9891551982825998	
2	0.9700835622710623	0.9700835622710623	0.9700835622710623	0.9694338700989813	
3	0.9283323158323159	0.9283323158323159	0.9283323158323159	0.9269298394157005	
4	0.9477305156504375	0.9477305156504375	0.9477305156504375	0.9450388588218268	
5	0.9521164975071225	0.9521164975071225	0.9521164975071225	0.9511317348444391	
6	0.9563832797211966	0.9563832797211966	0.9563832797211966	0.9548244543387862	
7	0.9473063465081103	0.9473063465081103	0.9473063465081103	0.9447801556512339	
8	0.9454696163844722	0.9454696163844722	0.9454696163844722	0.9425776858541415	
9	0.9444858407906255	0.9444858407906255	0.9444858407906255	0.9410983687362765	
10	0.944337063778363	0.944337063778363	0.944337063778363	0.9418500544372682	
11	0.9270270495751977	0.9270270495751977	0.9270270495751977	0.9221715213427945	
12	0.9289789953965674	0.9289789953965674	0.9289789953965674	0.9242331876690294	
13	0.9341193339969204	0.9341193339969204	0.9341193339969204	0.9306541284559471	
14	0.9335599766948016	0.9335599766948016	0.9335599766948016	0.9297032297779892	
15	0.9267535773991864	0.9267535773991864	0.9267535773991864	0.9224446737124017	
16	0.928894239819716	0.928894239819716	0.928894239819716	0.9245256558710894	
17	0.9317170413746063	0.9317170413746063	0.9317170413746063	0.9280524807264712	
18	0.9307693374251388	0.9307693374251388	0.9307693374251388	0.9259341031484521	
19	0.9207080989853116	0.9207080989853116	0.9207080989853116	0.9160583562884823	
20	0.9286923505667863	0.9286923505667863	0.9286923505667863	0.9242337995741602	
1	0.9748227067868506	0.9748227067868506	0.9748227067868506	0.9733560281606676	
2	0.9631940244075998	0.9631940244075998	0.9631940244075998	0.962589825799768	
3	0.9603161858947532	0.9603161858947532	0.9603161858947532	0.95877860512585	
4	0.9629081537157013	0.9629081537157013	0.9629081537157013	0.9613581683549913	
5	0.9588092087545631	0.9588092087545631	0.9588092087545631	0.9576011493784765	
6	0.9284760626530079	0.9284760626530079	0.9284760626530079	0.9249730034872595	
7	0.9389231970821648	0.9389231970821648	0.9389231970821648	0.9368325367178313	
8	0.9369945249505258	0.9369945249505258	0.9369945249505258	0.9334759252063133	
9	0.9381965785994636	0.9381965785994636	0.9381965785994636	0.9338469417354354	
10	0.93878023497727	0.93878023497727	0.93878023497727	0.9355474944618483	
11	0.9361245141201081	0.9361245141201081	0.9361245141201081	0.9310858343169695	
12	0.936989308593419	0.936989308593419	0.936989308593419	0.9336465342135484	
13	0.9361658409893884	0.9361658409893884	0.9361658409893884	0.9327895637203256	
14	0.9369121998133714	0.9369121998133714	0.9369121998133714	0.9324470276560436	
15	0.9245855946243632	0.9245855946243632	0.9245855946243632	0.9174588097871567	
16	0.9295718883169396	0.9295718883169396	0.9295718883169396	0.922559369450829	
17	0.9263856489844742	0.9263856489844742	0.9263856489844742	0.9190807249447271	
18	0.9361046882987192	0.9361046882987192	0.9361046882987192	0.9332166417990962	
19	0.93548700364827	0.93548700364827	0.93548700364827	0.9322429633070345	
20	0.9355564908276008	0.9355564908276008	0.9355564908276008	0.9314488389830624	
1	0.9441661005434783	0.9441661005434783	0.9441661005434783	0.9420662874266139	
2	0.9363934602373558	0.9363934602373558	0.9363934602373558	0.9340183405136488	
3	0.9318124260573795	0.9318124260573795	0.9318124260573795	0.9259150143029816	
4	0.9313277084600722	0.9313277084600722	0.9313277084600722	0.9272094345062747	
5	0.9361130645096752	0.9361130645096752	0.9361130645096752	0.9292345695410873	
6	0.9171037220814435	0.9171037220814435	0.9171037220814435	0.9126703420029155	
7	0.9291663480127135	0.9291663480127135	0.9291663480127135	0.9256477639095391	
8	0.9316344258577842	0.9316344258577842	0.9316344258577842	0.9268051472744945	
9	0.9281749760743284	0.9281749760743284	0.9281749760743284	0.9241007701411229	
10	0.9283430265764869	0.9283430265764869	0.9283430265764869	0.9242701014751233	
11	0.9373392036290107	0.9373392036290107	0.9373392036290107	0.9343860342679186	
12	0.936347261075539	0.936347261075539	0.936347261075539	0.933363420693782	
13	0.9349679852395875	0.9349679852395875	0.9349679852395875	0.9327540339039113	
14	0.9430851243921738	0.9430851243921738	0.9430851243921738	0.9401224394499776	
15	0.9455925523187865	0.9455925523187865	0.9455925523187865	0.9430664770327047	
16	0.9464873244901741	0.9464873244901741	0.9464873244901741	0.9444073935154068	
17	0.9487788164806825	0.9487788164806825	0.9487788164806825	0.947279661154914	
18	0.9411491859114913	0.9411491859114913	0.9411491859114913	0.9387314467447967	
19	0.9422350565890559	0.9422350565890559	0.9422350565890559	0.9387182677193604	
20	0.9397514066338151	0.9397514066338151	0.9397514066338151	0.936786726606698	
1	0.9541859567901234	0.9541859567901234	0.9541859567901234	0.9559205040988558	
2	0.9735735907610907	0.9735735907610907	0.9735735907610907	0.9726957127141495	
3	0.9754970828104508	0.9754970828104508	0.9754970828104508	0.9737425851157339	
4	0.9797278521812471	0.9797278521812471	0.9797278521812471	0.9795757954289844	
5	0.9488593483175378	0.9488593483175378	0.9488593483175378	0.9449152246784915	
6	0.9544303120103037	0.9544303120103037	0.9544303120103037	0.9527020264991028	
7	0.9579653416419107	0.9579653416419107	0.9579653416419107	0.956451548973407	
8	0.9386615869726933	0.9386615869726933	0.9386615869726933	0.9325803007554637	
9	0.9389564946293935	0.9389564946293935	0.9389564946293935	0.9369686501787761	
10	0.9332516644998752	0.9332516644998752	0.9332516644998752	0.9300388568912716	
11	0.9392210343361604	0.9392210343361604	0.9392210343361604	0.9371254316999977	
12	0.9313800136293325	0.9313800136293325	0.9313800136293325	0.9290390609570468	
13	0.9350100203431952	0.9350100203431952	0.9350100203431952	0.9309186565712083	
14	0.9343989066270785	0.9343989066270785	0.9343989066270785	0.9314336223708093	
15	0.9406590761151072	0.9406590761151072	0.9406590761151072	0.9373061255638576	
16	0.9428776999026389	0.9428776999026389	0.9428776999026389	0.940074855994943	
17	0.9372295097780546	0.9372295097780546	0.9372295097780546	0.9343457261319044	
18	0.9372739568291798	0.9372739568291798	0.9372739568291798	0.9345008779001213	
19	0.9328674704866688	0.9328674704866688	0.9328674704866688	0.9296544574159213	
20	0.9313069620330825	0.9313069620330825	0.9313069620330825	0.9279088591075926	
1	0.9362478222996515	0.9362478222996515	0.9362478222996515	0.9359011093261185	
2	0.9593896466599927	0.9593896466599927	0.9593896466599927	0.958788527220936	
3	0.9506030824838904	0.9506030824838904	0.9506030824838904	0.9489031274230088	
4	0.9466116919143672	0.9466116919143672	0.9466116919143672	0.9454197440060447	
5	0.9438789938759686	0.9438789938759686	0.9438789938759686	0.9408649753434981	
6	0.9485065424158973	0.9485065424158973	0.9485065424158973	0.9453328736176975	
7	0.9431270355699242	0.9431270355699242	0.9431270355699242	0.940751119552637	
8	0.9482089799264792	0.9482089799264792	0.9482089799264792	0.9466422903485427	
9	0.9530615382586222	0.9530615382586222	0.9530615382586222	0.949390487369535	
10	0.9592906436368578	0.9592906436368578	0.9592906436368578	0.9569369172934374	
11	0.949009653534977	0.949009653534977	0.949009653534977	0.9458041066293359	
12	0.956926110147957	0.956926110147957	0.956926110147957	0.9546862433704487	
13	0.9527510540385061	0.9527510540385061	0.9527510540385061	0.9487551580365531	
14	0.9517236238603118	0.9517236238603118	0.9517236238603118	0.9498690137300664	
15	0.9485575567447675	0.9485575567447675	0.9485575567447675	0.9453517745811516	
16	0.9443459506724892	0.9443459506724892	0.9443459506724892	0.9414789741655647	
17	0.942836101918807	0.942836101918807	0.942836101918807	0.9387917053568051	
18	0.9373150184112085	0.9373150184112085	0.9373150184112085	0.9338960223778544	
19	0.9279947250404668	0.9279947250404668	0.9279947250404668	0.9248882008130068	
20	0.9301018778588842	0.9301018778588842	0.9301018778588842	0.9261199859829705	
1	0.9868806897759103	0.9868806897759103	0.9868806897759103	0.9872204206584122	
2	0.965673859688106	0.965673859688106	0.965673859688106	0.9650749599309782	
3	0.9638551062340891	0.9638551062340891	0.9638551062340891	0.961933740227229	
4	0.9607458827214113	0.9607458827214113	0.9607458827214113	0.9595885686993526	
5	0.9630857785154661	0.9630857785154661	0.9630857785154661	0.960602735790809	
6	0.9614448438073592	0.9614448438073592	0.9614448438073592	0.9597692692968458	
7	0.9673607083421948	0.9673607083421948	0.9673607083421948	0.9645645098915308	
8	0.9532618015725025	0.9532618015725025	0.9532618015725025	0.9487718724580958	
9	0.952759346099707	0.952759346099707	0.952759346099707	0.9504534710953298	
10	0.9411512808893712	0.9411512808893712	0.9411512808893712	0.937103136972764	
11	0.9498788516974733	0.9498788516974733	0.9498788516974733	0.9467656582207962	
12	0.9422812912552677	0.9422812912552677	0.9422812912552677	0.938776918907818	
13	0.9458749852958668	0.9458749852958668	0.9458749852958668	0.9430565160627643	
14	0.9412093750481857	0.9412093750481857	0.9412093750481857	0.9381500324062699	
15	0.947813141965796	0.947813141965796	0.947813141965796	0.944198566410774	
16	0.9411888496048259	0.9411888496048259	0.9411888496048259	0.9369522701334867	
17	0.9442335631626558	0.9442335631626558	0.9442335631626558	0.9399209011045537	
18	0.9401014583504386	0.9401014583504386	0.9401014583504386	0.937307940295809	
19	0.9390508280847424	0.9390508280847424	0.9390508280847424	0.9351728162566159	
20	0.9366895204097228	0.9366895204097228	0.9366895204097228	0.9329567197679955	
1	0.9890893694632622	0.9890893694632622	0.9890893694632622	0.9890436698460799	
2	0.9893456245295582	0.9893456245295582	0.9893456245295582	0.9894378320566779	
3	0.9669054187425844	0.9669054187425844	0.9669054187425844	0.9650434019547901	
4	0.9751494487344254	0.9751494487344254	0.9751494487344254	0.973344851106697	
5	0.9735472423618571	0.9735472423618571	0.9735472423618571	0.9726520232024995	
6	0.9680290887444344	0.9680290887444344	0.9680290887444344	0.966800603814631	
7	0.9637422442854772	0.9637422442854772	0.9637422442854772	0.9614950950808263	
8	0.9594754320924282	0.9594754320924282	0.9594754320924282	0.9568378514487694	
9	0.939089871783445	0.939089871783445	0.939089871783445	0.9370548690907827	
10	0.9434351857429248	0.9434351857429248	0.9434351857429248	0.941960242199011	
11	0.9435821232050017	0.9435821232050017	0.9435821232050017	0.9414553523600288	
12	0.9512474156700977	0.9512474156700977	0.9512474156700977	0.9482329444378524	
13	0.9475017086136078	0.9475017086136078	0.9475017086136078	0.9462027205113185	
14	0.944547596907959	0.944547596907959	0.944547596907959	0.9425810013935008	
15	0.9405858285571045	0.9405858285571045	0.9405858285571045	0.9387485886186014	
16	0.9449680035992283	0.9449680035992283	0.9449680035992283	0.9421675025274147	
17	0.9427866569272626	0.9427866569272626	0.9427866569272626	0.9407586404226612	
18	0.9367032127478845	0.9367032127478845	0.9367032127478845	0.9347255863304298	
19	0.9409718812696939	0.9409718812696939	0.9409718812696939	0.939131173249018	
20	0.9233943983088018	0.9233943983088018	0.9233943983088018	0.9154072538008275	
1	0.9847470238095238	0.9847470238095238	0.9847470238095238	0.9847857460844752	
2	0.9681685778760247	0.9681685778760247	0.9681685778760247	0.9665086844917786	
3	0.9578781738356206	0.9578781738356206	0.9578781738356206	0.9576687589256405	
4	0.9645865991278226	0.9645865991278226	0.9645865991278226	0.9636468184241428	
5	0.9631662604534945	0.9631662604534945	0.9631662604534945	0.9596075152647412	
6	0.9378320455032556	0.9378320455032556	0.9378320455032556	0.9360490262465689	
7	0.9211344974153676	0.9211344974153676	0.9211344974153676	0.9075558506019119	
8	0.9413861968209696	0.9413861968209696	0.9413861968209696	0.9392606911900309	
9	0.9433579145004705	0.9433579145004705	0.9433579145004705	0.9418999554210115	
10	0.9345979741229146	0.9345979741229146	0.9345979741229146	0.9274683360678807	
11	0.9285185528104353	0.9285185528104353	0.9285185528104353	0.9244571972645858	
12	0.9367931296613371	0.9367931296613371	0.9367931296613371	0.9358584149502752	
13	0.9328040719352076	0.9328040719352076	0.9328040719352076	0.9293109094968806	
14	0.9327130431862792	0.9327130431862792	0.9327130431862792	0.9257421800838684	
15	0.9329214350901771	0.9329214350901771	0.9329214350901771	0.9309298575159237	
16	0.9221277261194867	0.9221277261194867	0.9221277261194867	0.9171424654470549	
17	0.9177418869660239	0.9177418869660239	0.9177418869660239	0.9106591895163083	
18	0.9224109078569024	0.9224109078569024	0.9224109078569024	0.9153289223106934	
19	0.9179343437855263	0.9179343437855263	0.9179343437855263	0.9105978140807957	
20	0.9267200268993708	0.9267200268993708	0.9267200268993708	0.9199557782385638	
1	0.9792336856617647	0.9792336856617647	0.9792336856617647	0.9782373867632072	
2	0.9868706597222222	0.9868706597222222	0.9868706597222222	0.9865733456804425	
3	0.9873019052706553	0.9873019052706553	0.9873019052706553	0.9868778887225907	
4	0.9846716495501536	0.9846716495501536	0.9846716495501536	0.9847109439843578	
5	0.9810641849469974	0.9810641849469974	0.9810641849469974	0.9807298820129358	
6	0.9761027118576372	0.9761027118576372	0.9761027118576372	0.9754709661162849	
7	0.9730791026174258	0.9730791026174258	0.9730791026174258	0.9719552610722556	
8	0.9647031249649771	0.9647031249649771	0.9647031249649771	0.9626684358709285	
9	0.9703800232687497	0.9703800232687497	0.9703800232687497	0.9697205020685696	
10	0.9670143289029163	0.9670143289029163	0.9670143289029163	0.9661614633787646	
11	0.9634955233090373	0.9634955233090373	0.9634955233090373	0.9617603431865305	
12	0.9651785643473456	0.9651785643473456	0.9651785643473456	0.9636746804340058	
13	0.9551060873440336	0.9551060873440336	0.9551060873440336	0.9525646747762462	
14	0.9573357477864265	0.9573357477864265	0.9573357477864265	0.954466651489772	
15	0.9527818368209974	0.9527818368209974	0.9527818368209974	0.9506988236402955	
16	0.9479223245938376	0.9479223245938376	0.9479223245938376	0.9466788916083223	
17	0.945215903446154	0.945215903446154	0.945215903446154	0.9415739056687007	
18	0.9439922183722445	0.9439922183722445	0.9439922183722445	0.9416030129464055	
19	0.9414652619165406	0.9414652619165406	0.9414652619165406	0.939059126179345	
20	0.940961849446639	0.940961849446639	0.940961849446639	0.9380885367661916	
1	0.9283983942414176	0.9283983942414176	0.9283983942414176	0.9276800362025108	
2	0.9440433637903481	0.9440433637903481	0.9440433637903481	0.9426680256202404	
3	0.9431915562577874	0.9431915562577874	0.9431915562577874	0.9411735204841554	
4	0.9530329625998417	0.9530329625998417	0.9530329625998417	0.9504551945827431	
5	0.9446382501637662	0.9446382501637662	0.9446382501637662	0.9417488919779652	
6	0.9252916277169895	0.9252916277169895	0.9252916277169895	0.9218183029135932	
7	0.9297813519537497	0.9297813519537497	0.9297813519537497	0.9281097935732147	
8	0.9299833367198178	0.9299833367198178	0.9299833367198178	0.9246875133579725	
9	0.9341550246048299	0.9341550246048299	0.9341550246048299	0.9295210073561204	
10	0.9371748380501218	0.9371748380501218	0.9371748380501218	0.93333140640841	
11	0.9397941662008317	0.9397941662008317	0.9397941662008317	0.9366451615550967	
12	0.9397162367719308	0.9397162367719308	0.9397162367719308	0.9357193552573074	
13	0.9334045623340266	0.9334045623340266	0.9334045623340266	0.9287611247385742	
14	0.9380466952332923	0.9380466952332923	0.9380466952332923	0.9332968279064829	
15	0.9413817331293638	0.9413817331293638	0.9413817331293638	0.9381228406381085	
16	0.943048260524198	0.943048260524198	0.943048260524198	0.9391562686093822	
17	0.9439814264823421	0.9439814264823421	0.9439814264823421	0.9417840941460198	
18	0.9364390302141741	0.9364390302141741	0.9364390302141741	0.9336941846669227	
19	0.9401394108097412	0.9401394108097412	0.9401394108097412	0.9366477745574945	
20	0.9422786413995015	0.9422786413995015	0.9422786413995015	0.939944422066425	
1	0.984375	0.984375	0.984375	0.9843683699841143	
2	0.9136743851952546	0.9136743851952546	0.9136743851952546	0.9018443665121871	
3	0.951167369521338	0.951167369521338	0.951167369521338	0.9508997919779377	
4	0.9401888321198578	0.9401888321198578	0.9401888321198578	0.936153313036616	
5	0.9508512597647855	0.9508512597647855	0.9508512597647855	0.9478126444934963	
6	0.953610273590474	0.953610273590474	0.953610273590474	0.9508718803508214	
7	0.9387456799132681	0.9387456799132681	0.9387456799132681	0.9319086025805471	
8	0.9417681081488976	0.9417681081488976	0.9417681081488976	0.9380918058440025	
9	0.9386731347414009	0.9386731347414009	0.9386731347414009	0.9355003283699198	
10	0.9407406721669476	0.9407406721669476	0.9407406721669476	0.9381379507133543	
11	0.9489881486937375	0.9489881486937375	0.9489881486937375	0.9459647217684506	
12	0.9427425389076401	0.9427425389076401	0.9427425389076401	0.9390273593067825	
13	0.9387971768071429	0.9387971768071429	0.9387971768071429	0.9339435271159539	
14	0.9395075262236147	0.9395075262236147	0.9395075262236147	0.9350956491921394	
15	0.9420252528504112	0.9420252528504112	0.9420252528504112	0.9395730347958617	
16	0.9464103607030915	0.9464103607030915	0.9464103607030915	0.9434216476754925	
17	0.9424249885313097	0.9424249885313097	0.9424249885313097	0.9392934922181699	
18	0.9443682445565202	0.9443682445565202	0.9443682445565202	0.9406026494237819	
19	0.9353453124566853	0.9353453124566853	0.9353453124566853	0.930507257902495	
20	0.9389403773119473	0.9389403773119473	0.9389403773119473	0.9343845422392617	
1	0.9682126322751323	0.9682126322751323	0.9682126322751323	0.9664130529682837	
2	0.9692370523425211	0.9692370523425211	0.9692370523425211	0.9663276699688484	
3	0.9542375615943325	0.9542375615943325	0.9542375615943325	0.9536617980705083	
4	0.9628449560146217	0.9628449560146217	0.9628449560146217	0.9607797408297941	
5	0.9651779464354909	0.9651779464354909	0.9651779464354909	0.9649383049233157	
6	0.956623811119918	0.956623811119918	0.956623811119918	0.9549986799660678	
7	0.9530598603100747	0.9530598603100747	0.9530598603100747	0.9509543095137418	
8	0.9471467102741951	0.9471467102741951	0.9471467102741951	0.9440832686179046	
9	0.9457397584639183	0.9457397584639183	0.9457397584639183	0.9433463793480201	
10	0.935893773586228	0.935893773586228	0.935893773586228	0.932905055728693	
11	0.9299295447853481	0.9299295447853481	0.9299295447853481	0.9264032670467421	
12	0.9279570294844003	0.9279570294844003	0.9279570294844003	0.9232990711644321	
13	0.9242070933657919	0.9242070933657919	0.9242070933657919	0.9191305247579897	
14	0.931462294758686	0.931462294758686	0.931462294758686	0.9268430355847267	
15	0.9245129989534316	0.9245129989534316	0.9245129989534316	0.9206293204387137	
16	0.9282604910192953	0.9282604910192953	0.9282604910192953	0.9236267269540144	
17	0.9241542832710343	0.9241542832710343	0.9241542832710343	0.9191477557542042	
18	0.9285490347207224	0.9285490347207224	0.9285490347207224	0.9241247084893346	
19	0.9253951042767014	0.9253951042767014	0.9253951042767014	0.9202034173333279	
20	0.9304357944358917	0.9304357944358917	0.9304357944358917	0.9252380096467299	
1	0.9069745463709677	0.9069745463709677	0.9069745463709677	0.9046915397559194	
2	0.9547683551747312	0.9547683551747312	0.9547683551747312	0.9534838117564376	
3	0.9631406851214948	0.9631406851214948	0.9631406851214948	0.9605009736372435	
4	0.9575737222182219	0.9575737222182219	0.9575737222182219	0.9551751293913096	
5	0.9546386000282965	0.9546386000282965	0.9546386000282965	0.9520730377133881	
6	0.9612564546236221	0.9612564546236221	0.9612564546236221	0.9600145398126547	
7	0.9558345940907135	0.9558345940907135	0.9558345940907135	0.9541502785205627	
8	0.9558863885709739	0.9558863885709739	0.9558863885709739	0.9539753215881053	
9	0.9601677511456974	0.9601677511456974	0.9601677511456974	0.9579299882867053	
10	0.9496193959735193	0.9496193959735193	0.9496193959735193	0.9483240753337181	
11	0.9414512515940362	0.9414512515940362	0.9414512515940362	0.940206486326256	
12	0.927639835722446	0.927639835722446	0.927639835722446	0.9243858104809212	
13	0.9167551887915538	0.9167551887915538	0.9167551887915538	0.9128203848002255	
14	0.9176645298800049	0.9176645298800049	0.9176645298800049	0.9124997990169088	
15	0.9250986363312469	0.9250986363312469	0.9250986363312469	0.9194479271319476	
16	0.9147198942935257	0.9147198942935257	0.9147198942935257	0.9101346592047608	
17	0.9320763443601157	0.9320763443601157	0.9320763443601157	0.9284562377717326	
18	0.9294137911614092	0.9294137911614092	0.9294137911614092	0.9265816989144015	
19	0.9358266302441327	0.9358266302441327	0.9358266302441327	0.9314254522841228	
20	0.9357968412468857	0.9357968412468857	0.9357968412468857	0.93116267479447	
1	0.9963942307692307	0.9963942307692307	0.9963942307692307	0.9963973686963777	
2	0.9766626602564102	0.9766626602564102	0.9766626602564102	0.9749147636118248	
3	0.9752911030197335	0.9752911030197335	0.9752911030197335	0.9753184824521964	
4	0.9751698305524132	0.9751698305524132	0.9751698305524132	0.9748848621679701	
5	0.9596292962199001	0.9596292962199001	0.9596292962199001	0.9564965748513206	
6	0.9605723791003351	0.9605723791003351	0.9605723791003351	0.9581704848662317	
7	0.971354914755829	0.971354914755829	0.971354914755829	0.9713563751412819	
8	0.9504771806012615	0.9504771806012615	0.9504771806012615	0.94926699347184	
9	0.9454768495717149	0.9454768495717149	0.9454768495717149	0.9418066300698421	
10	0.9332373021384545	0.9332373021384545	0.9332373021384545	0.9307746211417932	
11	0.9366980670916262	0.9366980670916262	0.9366980670916262	0.933129807095175	
12	0.9324136720799806	0.9324136720799806	0.9324136720799806	0.9300779453152316	
13	0.9384647606023299	0.9384647606023299	0.9384647606023299	0.9362318984311581	
14	0.9389999019663512	0.9389999019663512	0.9389999019663512	0.9363559339037725	
15	0.9389223150284436	0.9389223150284436	0.9389223150284436	0.9364995614229833	
16	0.9391563318006744	0.9391563318006744	0.9391563318006744	0.936978941991544	
17	0.9296282327049464	0.9296282327049464	0.9296282327049464	0.9275438551243491	
18	0.9347119664323551	0.9347119664323551	0.9347119664323551	0.9315477080351631	
19	0.932682821003818	0.932682821003818	0.932682821003818	0.9297235725122781	
20	0.9346544052532335	0.9346544052532335	0.9346544052532335	0.9312627852580526	
1	0.9930555555555556	0.9930555555555556	0.9930555555555556	0.9921002945554154	
2	0.9728932959401709	0.9728932959401709	0.9728932959401709	0.9717255562232908	
3	0.9747739818052318	0.9747739818052318	0.9747739818052318	0.9739103746484051	
4	0.9685157073828948	0.9685157073828948	0.9685157073828948	0.9676469434681785	
5	0.9691786787558847	0.9691786787558847	0.9691786787558847	0.9672688380930694	
6	0.9559632004025387	0.9559632004025387	0.9559632004025387	0.9511739107045644	
7	0.9689272008337133	0.9689272008337133	0.9689272008337133	0.9673418746307937	
8	0.9678591738497563	0.9678591738497563	0.9678591738497563	0.9660221667225102	
9	0.9587694275586431	0.9587694275586431	0.9587694275586431	0.9562704905767744	
10	0.951240400192896	0.951240400192896	0.951240400192896	0.9455247580409424	
11	0.9496840093099718	0.9496840093099718	0.9496840093099718	0.9469776197403834	
12	0.958086402929459	0.958086402929459	0.958086402929459	0.9559758495116945	
13	0.9465492967369242	0.9465492967369242	0.9465492967369242	0.9412707843688632	
14	0.9534100633979422	0.9534100633979422	0.9534100633979422	0.9518288611894556	
15	0.947872017352124	0.947872017352124	0.947872017352124	0.9452096093775146	
16	0.947802288972723	0.947802288972723	0.947802288972723	0.9453662885548736	
17	0.9357081921528992	0.9357081921528992	0.9357081921528992	0.931180484101951	
18	0.9396247269083463	0.9396247269083463	0.9396247269083463	0.9353537207204136	
19	0.9373952232115839	0.9373952232115839	0.9373952232115839	0.9335313618434828	
20	0.9377984090897588	0.9377984090897588	0.9377984090897588	0.9345693615475336	
1	0.9854428782230505	0.9854428782230505	0.9854428782230505	0.9847860899991179	
2	0.9745118486363098	0.9745118486363098	0.9745118486363098	0.9740506399896183	
3	0.9701727642191004	0.9701727642191004	0.9701727642191004	0.9696257352139627	
4	0.9699696874770958	0.9699696874770958	0.9699696874770958	0.969215038248886	
5	0.9586258254833148	0.9586258254833148	0.9586258254833148	0.9592209929153419	
6	0.9707819543763808	0.9707819543763808	0.9707819543763808	0.9695552274485243	
7	0.95432540577378	0.95432540577378	0.95432540577378	0.9522103054759541	
8	0.9445245004416896	0.9445245004416896	0.9445245004416896	0.9430483290531565	
9	0.9420976518785467	0.9420976518785467	0.9420976518785467	0.9373930419632741	
10	0.9317456241768266	0.9317456241768266	0.9317456241768266	0.9273469373584824	
11	0.9372611658737345	0.9372611658737345	0.9372611658737345	0.9342860169289718	
12	0.9456569301051192	0.9456569301051192	0.9456569301051192	0.9429825635386987	
13	0.9437647280359978	0.9437647280359978	0.9437647280359978	0.938971830822912	
14	0.9419591284145247	0.9419591284145247	0.9419591284145247	0.9402910074738493	
15	0.9288669719285154	0.9288669719285154	0.9288669719285154	0.9221011437176754	
16	0.9288528928724363	0.9288528928724363	0.9288528928724363	0.9245332055938013	
17	0.9273653997143958	0.9273653997143958	0.9273653997143958	0.9246581538105164	
18	0.9313907310604694	0.9313907310604694	0.9313907310604694	0.9280951705638896	
19	0.9337672065267933	0.9337672065267933	0.9337672065267933	0.9307575912824075	
20	0.9338532148545561	0.9338532148545561	0.9338532148545561	0.9298195461954968	
1	0.8721293604651162	0.8721293604651162	0.8721293604651162	0.87182105410309	
2	0.9243521306293836	0.9243521306293836	0.9243521306293836	0.9247657299103229	
3	0.9418674826196628	0.9418674826196628	0.9418674826196628	0.9398698854832132	
4	0.9494374530335391	0.9494374530335391	0.9494374530335391	0.9473879986948917	
5	0.9515396368016693	0.9515396368016693	0.9515396368016693	0.949334456421921	
6	0.9518425564455962	0.9518425564455962	0.9518425564455962	0.9486441636032308	
7	0.9516237601156672	0.9516237601156672	0.9516237601156672	0.9485260013055239	
8	0.9505351482834088	0.9505351482834088	0.9505351482834088	0.9475784753675197	
9	0.9521857798844849	0.9521857798844849	0.9521857798844849	0.9510654062596671	
10	0.9453304166988563	0.9453304166988563	0.9453304166988563	0.9425731537154292	
11	0.9439697110285323	0.9439697110285323	0.9439697110285323	0.9407905206816629	
12	0.9381180018643457	0.9381180018643457	0.9381180018643457	0.9355037397652933	
13	0.9335149100889919	0.9335149100889919	0.9335149100889919	0.9307767468804028	
14	0.9421083252537554	0.9421083252537554	0.9421083252537554	0.9400301208966083	
15	0.9453231573628353	0.9453231573628353	0.9453231573628353	0.9432566847569467	
16	0.944225266640869	0.944225266640869	0.944225266640869	0.9420395506111301	
17	0.9428384544174053	0.9428384544174053	0.9428384544174053	0.9394395229466204	
18	0.9484767798970862	0.9484767798970862	0.9484767798970862	0.94649235546821	
19	0.9454282823501102	0.9454282823501102	0.9454282823501102	0.9424710111146831	
20	0.938587838422696	0.938587838422696	0.938587838422696	0.935195166151377	
1	0.9767210144927536	0.9767210144927536	0.9767210144927536	0.9748640385839975	
2	0.9713375159846547	0.9713375159846547	0.9713375159846547	0.971503517437989	
3	0.9728326520825722	0.9728326520825722	0.9728326520825722	0.9719771610627196	
4	0.9692452150697236	0.9692452150697236	0.9692452150697236	0.968114665926846	
5	0.9590830834145253	0.9590830834145253	0.9590830834145253	0.9581031440191008	
6	0.9514436273452618	0.9514436273452618	0.9514436273452618	0.9494862897974712	
7	0.9433026087902677	0.9433026087902677	0.9433026087902677	0.9401947522534471	
8	0.9488594265530917	0.9488594265530917	0.9488594265530917	0.9473276666458481	
9	0.944494636536867	0.944494636536867	0.944494636536867	0.942148434199919	
10	0.9362944636815106	0.9362944636815106	0.9362944636815106	0.9346972900823273	
11	0.9442791968351352	0.9442791968351352	0.9442791968351352	0.9408786915901637	
12	0.9413255327397675	0.9413255327397675	0.9413255327397675	0.9376760361264536	
13	0.9406981899472673	0.9406981899472673	0.9406981899472673	0.9368899022261511	
14	0.9456880386802927	0.9456880386802927	0.9456880386802927	0.9431548038638781	
15	0.9361634482198818	0.9361634482198818	0.9361634482198818	0.9317199596472545	
16	0.9353608278326245	0.9353608278326245	0.9353608278326245	0.9319148298511295	
17	0.9330801054463151	0.9330801054463151	0.9330801054463151	0.927909100744247	
18	0.9217031510461778	0.9217031510461778	0.9217031510461778	0.9157289975645253	
19	0.9279203416717923	0.9279203416717923	0.9279203416717923	0.9233698087796658	
20	0.9352343913203466	0.9352343913203466	0.9352343913203466	0.9316797141430732	
1	0.9493689903846154	0.9493689903846154	0.9493689903846154	0.9486557592370946	
2	0.9799536401098901	0.9799536401098901	0.9799536401098901	0.9797818414213416	
3	0.9768200549450549	0.9768200549450549	0.9768200549450549	0.9758220340959084	
4	0.9508085811447976	0.9508085811447976	0.9508085811447976	0.9494799488923078	
5	0.932292484301413	0.932292484301413	0.932292484301413	0.9302624419737819	
6	0.9198526315574306	0.9198526315574306	0.9198526315574306	0.9186399307751011	
7	0.9428351786011443	0.9428351786011443	0.9428351786011443	0.9395520004034947	
8	0.9302244955081124	0.9302244955081124	0.9302244955081124	0.927123558647744	
9	0.9368776067789343	0.9368776067789343	0.9368776067789343	0.9352231577453188	
10	0.9320612231451975	0.9320612231451975	0.9320612231451975	0.9279695552578697	
11	0.9408117917200044	0.9408117917200044	0.9408117917200044	0.9385357348576755	
12	0.9430708149723973	0.9430708149723973	0.9430708149723973	0.9419961468272765	
13	0.9325750273041412	0.9325750273041412	0.9325750273041412	0.9305957713051287	
14	0.9342666938822894	0.9342666938822894	0.9342666938822894	0.9324945905191626	
15	0.9392999080587751	0.9392999080587751	0.9392999080587751	0.936880963313793	
16	0.94015847945743	0.94015847945743	0.94015847945743	0.9371364996447069	
17	0.9395672473075096	0.9395672473075096	0.9395672473075096	0.9369497678183415	
18	0.9417519803393198	0.9417519803393198	0.9417519803393198	0.93833906173727	
19	0.939273106342847	0.939273106342847	0.939273106342847	0.9361328298833925	
20	0.932385411759426	0.932385411759426	0.932385411759426	0.9308000225241064	
1	0.9918323863636364	0.9918323863636364	0.9918323863636364	0.9917863627007694	
2	0.9739199409434334	0.9739199409434334	0.9739199409434334	0.9736380389111687	
3	0.9613205004413721	0.9613205004413721	0.9613205004413721	0.9592059071836488	
4	0.9561649335917359	0.9561649335917359	0.9561649335917359	0.9553342049230991	
5	0.947190635453719	0.947190635453719	0.947190635453719	0.9457591071301197	
6	0.9415929503441394	0.9415929503441394	0.9415929503441394	0.9397751248601734	
7	0.936613354089711	0.936613354089711	0.936613354089711	0.9325901273551368	
8	0.9220471582846054	0.9220471582846054	0.9220471582846054	0.9163858651616862	
9	0.9285896724408071	0.9285896724408071	0.9285896724408071	0.9253422248685593	
10	0.9279234964583309	0.9279234964583309	0.9279234964583309	0.9257834778588474	
11	0.9187614349386982	0.9187614349386982	0.9187614349386982	0.9110926089059155	
12	0.9315388611572857	0.9315388611572857	0.9315388611572857	0.9267776332733014	
13	0.9147378418976102	0.9147378418976102	0.9147378418976102	0.9078676855585021	
14	0.920133129530275	0.920133129530275	0.920133129530275	0.9155396823852835	
15	0.926866615380466	0.926866615380466	0.926866615380466	0.9223856670475307	
16	0.9195264983640938	0.9195264983640938	0.9195264983640938	0.9173692641132662	
17	0.9268205764987146	0.9268205764987146	0.9268205764987146	0.9239134270580385	
18	0.9280208112291319	0.9280208112291319	0.9280208112291319	0.9217096704717673	
19	0.9261665284116473	0.9261665284116473	0.9261665284116473	0.9195374304722456	
20	0.9232891137250856	0.9232891137250856	0.9232891137250856	0.9170326941951357	
1	0.98125	0.98125	0.98125	0.9823000290463526	
2	0.9881224244505494	0.9881224244505494	0.9881224244505494	0.9879320305518475	
3	0.9746238425925927	0.9746238425925927	0.9746238425925927	0.9725871983872758	
4	0.9720523852657005	0.9720523852657005	0.9720523852657005	0.9710036496942951	
5	0.9608991438153931	0.9608991438153931	0.9608991438153931	0.9593909890794821	
6	0.9592817951036349	0.9592817951036349	0.9592817951036349	0.9571106787520302	
7	0.9607356751571906	0.9607356751571906	0.9607356751571906	0.9592912208579011	
8	0.9591896637301063	0.9591896637301063	0.9591896637301063	0.9568808838579139	
9	0.9489043440073568	0.9489043440073568	0.9489043440073568	0.9460193403859234	
10	0.9423475354476387	0.9423475354476387	0.9423475354476387	0.9350711036733568	
11	0.94134226620154	0.94134226620154	0.94134226620154	0.938796813701071	
12	0.935642669603732	0.935642669603732	0.935642669603732	0.9331791672472388	
13	0.9399493509516069	0.9399493509516069	0.9399493509516069	0.9366764231408293	
14	0.9314326662194758	0.9314326662194758	0.9314326662194758	0.9270010794928626	
15	0.9383318186010652	0.9383318186010652	0.9383318186010652	0.9361118675656542	
16	0.935710745073583	0.935710745073583	0.935710745073583	0.9317083663068427	
17	0.9347621834068818	0.9347621834068818	0.9347621834068818	0.9304533346249455	
18	0.9367795230317567	0.9367795230317567	0.9367795230317567	0.9310592681712845	
19	0.9335280883944843	0.9335280883944843	0.9335280883944843	0.9297795316618338	
20	0.9400887164941594	0.9400887164941594	0.9400887164941594	0.9345945076407537	
