1	0.9897836538461539	0.9895148626302471	0.9890941581290095	0.9888098738087348	
1	0.9627604166666667	0.9654414952086795	0.962231069245657	0.9625646792406071	
3	0.929902983998605	0.9342506866681489	0.9315297083453241	0.9288068121576348	
4	0.9449932361599903	0.9488393126236172	0.9471994587843452	0.9452380027684492	
5	0.9444215422885902	0.9461335377660965	0.9457219130039108	0.9429938139210048	
6	0.9290303667921668	0.9330930545343126	0.9309744470271021	0.925203387252087	
1	0.9858993902439024	0.9869130214822204	0.9855871447083402	0.9858874052877461	
7	0.9532521904075735	0.9542000214890047	0.9520073248269104	0.9506508699767592	
8	0.9436088425201905	0.9414908502377259	0.9408194245770015	0.9380786106487571	
9	0.9419451738724887	0.9378336481434822	0.9367132643976664	0.9341898035933064	
10	0.9384484866845991	0.939354883764597	0.9385969445757023	0.9359987683523403	
1	0.9855392156862746	0.9870095304477658	0.985695805599254	0.9857165036867073	
11	0.9408720462259534	0.9422135930451698	0.9412395849084181	0.9381180724791025	
2	0.9776013962765957	0.9777311891768905	0.9778852464367886	0.9768655183529017	
3	0.9736487113784907	0.9754241373185137	0.9727074213185044	0.9723999922785476	
12	0.9483438163203041	0.9461891632003546	0.9451665082714124	0.9427267392508845	
4	0.9362497051687053	0.9376292676995711	0.9353907454055008	0.9330872484653655	
1	0.9887175324675324	0.9891142982513396	0.9881242952032558	0.988205768307043	
5	0.9374126950560052	0.9385295589602549	0.9381953485008332	0.9361051248822087	
13	0.9422583801949668	0.9428514950114596	0.9414232832888852	0.9382546909148672	
2	0.9767485119047619	0.9759629512423397	0.9769124954026709	0.976130658436717	
3	0.9836301217057796	0.9816326941564787	0.9843811188210679	0.9824977985459765	
14	0.9388411113204863	0.9405625906647935	0.9395815888546928	0.9359913023375971	
4	0.9681864001942553	0.9696680467522663	0.9692306427235804	0.9675030600355907	
7	0.9227908500218553	0.9336405223627066	0.9218330372170673	0.9148955464514849	
15	0.9438986132509404	0.9424851946866457	0.942748714055752	0.9392555935031027	
5	0.9709843065868033	0.9723660779826012	0.9706819352986761	0.9697119966092778	
8	0.9402188047750576	0.9425370390023773	0.9416728549013211	0.9383979426354978	
6	0.9686433903058386	0.9692187359364507	0.9683525721678489	0.9669085758039963	
9	0.9479056783923274	0.9488338194045084	0.9483110348648519	0.9459110487252134	
16	0.9511512770095842	0.9516720472815389	0.9503309164614862	0.9481040503748652	
7	0.9637185213161438	0.9665438407257485	0.9647032650002352	0.9629628436342922	
10	0.9468029078985355	0.9469296246596002	0.9476264018042801	0.9444525336114367	
17	0.9482260231201849	0.9495398898978595	0.9486670379372827	0.9457570245482728	
8	0.9663952917176666	0.9677116420852213	0.9670344255922239	0.9652403433104617	
11	0.9396468466400905	0.9411050390388896	0.9402875064764015	0.9378623924894097	
9	0.9661519750774392	0.9668368927005128	0.9655030594965724	0.9637602549597497	
18	0.9520639313598793	0.9529670887179409	0.9510318789703616	0.9490430175347636	
12	0.9331645091525452	0.9353714876482356	0.9336617713290768	0.9309198285104042	
10	0.9629852830793076	0.9655215010000754	0.9623111669971653	0.9614520871003824	
19	0.952715722375064	0.9546335824238574	0.9528870953394638	0.9510959075925125	
13	0.9382976809610686	0.9386972023148356	0.9384323060895329	0.9349820137315714	
11	0.953407760769334	0.9557962865952515	0.9542413569841899	0.9516770203598992	
12	0.9519953563880225	0.9540525146015985	0.9526986636998367	0.9500449668533966	
20	0.9429747726483757	0.9440109000646044	0.942766848383042	0.9398919954523226	
14	0.9383013765182316	0.9370170296146887	0.9364688619099499	0.9333126921186385	
13	0.9606081988037276	0.9620694021494581	0.9612694656002532	0.9590394512602475	
15	0.92174536058941	0.928851331902672	0.9240978987898434	0.9170600852240814	
14	0.9587337246277011	0.960248178379741	0.9590830850036899	0.9569064262341682	
16	0.92780708763362	0.9336039936427896	0.9275052057508141	0.9220837406283066	
17	0.9367449398582363	0.9395972727529907	0.9350419771139962	0.9322475327308575	
16	0.947211568919467	0.9485036108574987	0.9466416924605163	0.944251896301798	
18	0.9322285362246543	0.9372717015508615	0.9322623104259511	0.9275927760115219	
17	0.9518154892398724	0.953507651467679	0.9512093591348565	0.9494843464797772	
19	0.9406449291534401	0.9428568035910523	0.9401557347268426	0.9374288641011165	
18	0.9527572896305533	0.9561195845560714	0.9523835585734913	0.9505227364070128	
20	0.9420037286328876	0.9453885478123644	0.9423163098815447	0.9396216604514974	
19	0.9533727002505327	0.9567477567564867	0.9523347652255856	0.9509137111507495	
20	0.9507564812116996	0.952968490796124	0.9514685332482007	0.9488528843129529	
1	0.9694444444444444	0.9704959652889157	0.9703594513308358	0.9686404499488495	
2	0.9282141801756163	0.9333043982873769	0.9261723934128528	0.9254862984865329	
3	0.9632071090847688	0.9648291549694957	0.9651253869975406	0.963614522140333	
4	0.9516895385087151	0.9540777508815463	0.95120849874587	0.9497889678938464	
5	0.9609825100823375	0.9640461542296144	0.9622090241521125	0.961521639311259	
6	0.972380644248137	0.9729601851719041	0.9723765754659213	0.9718101366920276	
7	0.9629193232506378	0.966543871268202	0.9636637717775676	0.9629655844284727	
8	0.9705519508155568	0.9714073530181833	0.9700110242485824	0.9694714265881663	
9	0.9680387052463916	0.968844674647453	0.9688341636394543	0.96668432030129	
10	0.9522182346264956	0.9538385541801956	0.9520785773922074	0.951038971549923	
11	0.9415315068337581	0.9481070487281419	0.9404863483902091	0.9394680573184048	
12	0.9509680235135994	0.9540207866077114	0.9509107981363133	0.9487688436752055	
13	0.9500820233312992	0.9500576278165516	0.9504997226479275	0.9484243741425158	
14	0.9411007108100085	0.9455989344931066	0.9405214647153607	0.9375976761940689	
15	0.9462823964298095	0.948591065451827	0.9456991829546609	0.9435574906208745	
16	0.9415196743467528	0.9445259928702306	0.9417514624215371	0.9393516990844695	
17	0.9300027318379637	0.9335652566544156	0.9319949612156851	0.9282743283649884	
18	0.9306166760720505	0.930711656674961	0.9296581728220938	0.9250554697500153	
19	0.9310871596657615	0.9356472981505463	0.9324684406704737	0.9282443786719702	
20	0.9488103492318067	0.9504208502184405	0.9497101936970751	0.9477692117229598	
1	0.9579295865633076	0.9616438619691733	0.9570384249159445	0.9570022977364607	
2	0.905250726744186	0.9352740755425071	0.8986573630893206	0.8845501611759166	
3	0.9667457337424633	0.9684160171247861	0.9664086340567244	0.9663019980214305	
4	0.9640159344127033	0.9665805851288671	0.964343566306802	0.9640556285754405	
5	0.9622717504152825	0.9635962631565475	0.9623162951283041	0.9612250284498435	
6	0.9650737652432116	0.9660096030027386	0.9644365824451387	0.9638799364132447	
7	0.9320250302824284	0.9275143438206538	0.9306560588990068	0.9216734726897519	
8	0.9283925391412448	0.9306556791483185	0.9287467717622613	0.9203760463205095	
9	0.9211745057984717	0.9298346453884196	0.9215111689448153	0.913945614145055	
10	0.9528321524182969	0.9554859737462152	0.9529233313122647	0.9505798881479967	
11	0.9149014843996338	0.9310398463301207	0.9158459584288378	0.9076577230242251	
12	0.93227423825988	0.9352149846108059	0.9326192921976668	0.9275821551208995	
13	0.9292118266986099	0.9419560397884836	0.9304926783949592	0.9244915101615517	
14	0.9373077047087227	0.9422985965611957	0.9361530871512206	0.9329797053261809	
15	0.9332936255079871	0.9411072416235391	0.932483509244982	0.9308584814118699	
16	0.9357423145059574	0.938491718638861	0.9346804663450639	0.9309277344974911	
17	0.920534168721431	0.9297053585943494	0.9199583654322525	0.913711904074173	
18	0.9316245908061838	0.9365980056413071	0.9319925203194561	0.9286018678579578	
19	0.9374411252924558	0.9415111031882683	0.93713111792478	0.932754797250426	
20	0.941163643789969	0.9445680104205696	0.9401969283742606	0.937931584481225	
1	0.98779296875	0.988485648080655	0.987792594543675	0.9877999587533906	
2	0.9639952621493467	0.9641990854075355	0.963501437300821	0.9624837777739117	
3	0.9646423902750328	0.9649565387323743	0.9648190584229193	0.9632862964220029	
4	0.9674520063233155	0.9680342729681728	0.9683726192646689	0.9667284346627669	
5	0.9703398964071674	0.9698034698200798	0.9697992603435136	0.9688706760421655	
6	0.9659454676479825	0.9671110679147894	0.966142939164365	0.9653753579809098	
7	0.9722973071445669	0.9721728674013492	0.971668124961732	0.9708444332024186	
8	0.9595041848301824	0.9599455559629059	0.9602264512734674	0.9586839607957018	
9	0.9437294683759837	0.9449602859531736	0.9442786385981032	0.9417668141689108	
10	0.9473477355443014	0.9488569491795774	0.9473579591361034	0.9452507216909481	
11	0.9392212944235075	0.9393235782509302	0.936796685787678	0.9348880587930453	
12	0.9465034193926188	0.9466238232475791	0.9468906093572046	0.9446969594417131	
13	0.9464678396749218	0.947507379377708	0.9464265234732232	0.9446434621926275	
14	0.9455228406015125	0.9462846264054431	0.9439567955594435	0.9426018218445628	
15	0.944815680474672	0.9450192755475065	0.9425098266628181	0.9406254430110753	
16	0.9464955648641113	0.9473226026436854	0.9458162445071309	0.9438578502834649	
17	0.9429053111430785	0.9418997361071128	0.9408385349319457	0.9384405002107578	
18	0.9370943814334117	0.9379386229349796	0.9373714266054916	0.9344539724384762	
19	0.9424952907137055	0.9439351074865387	0.9417648700166186	0.9398517555845315	
20	0.9359609714200519	0.9397727433237784	0.937383015812839	0.9339036892761732	
1	0.9670799365942029	0.966480278980279	0.968312079270194	0.9668113702946752	
2	0.9386876710246276	0.9438138960575209	0.9373508489681243	0.9324421025635263	
3	0.9354702747693753	0.9388423521007118	0.9346474036357798	0.9307298468229709	
4	0.907935615990697	0.9136260230456899	0.9114959630264512	0.901089254443999	
5	0.8826100941229204	0.8941140688584355	0.8835889347209276	0.8742848285837997	
1	0.9822751322751323	0.9829304349725198	0.9819762815344799	0.9818718340834122	
2	0.8904964485220167	0.9153080891257572	0.8956386400374508	0.8867080012295312	
3	0.9288348003034308	0.934592495735867	0.9276042659357372	0.9263653246271927	
4	0.9282119218223243	0.9337654557348627	0.9298834214731108	0.9277402111699875	
5	0.9238824300414755	0.9298990448262527	0.9213199779719898	0.9201491445158778	
6	0.9354492881412901	0.9392380611015398	0.9362606767613357	0.9340693634194599	
7	0.9404500570783136	0.9430897935163559	0.9397462050358473	0.9376655467376285	
8	0.9395864079262719	0.9399267645377871	0.941055845621855	0.9365908681146357	
9	0.9450963229597029	0.9484664033384403	0.945569829715926	0.9425569716793287	
10	0.9525742941510946	0.9560506844625323	0.9513910614964851	0.9501693671163605	
11	0.9457555092460218	0.9511188169184567	0.9445315034559711	0.9416378541488151	
12	0.9459481789696264	0.9495791255501286	0.9460687134764582	0.9440816476115731	
13	0.9380516354208666	0.9417769103628655	0.9382177225835242	0.9354849448425325	
14	0.9409431812132307	0.942913384523169	0.9405531428858378	0.9386620316973329	
15	0.9485392849847991	0.9497726262258688	0.9489272762738794	0.9467232037803496	
16	0.9468788774565342	0.9476228468988812	0.9468646758348037	0.9443276541969439	
17	0.9447204545666082	0.9476006391015372	0.9449457100950286	0.9427222414163026	
18	0.944935835275435	0.9471933932149731	0.9437344356538393	0.9423460361437708	
19	0.9414999073412722	0.9436903310126774	0.9423015197528171	0.9388224296374248	
20	0.9460482208772462	0.9474458425268161	0.945747830201882	0.9434056862670609	
1	0.996875	0.9970822281167109	0.9974089068825911	0.9971962848297213	
2	0.9459885311447811	0.9589988426347482	0.9475110320076546	0.9459443441102411	
3	0.9827721188413104	0.9831634623568278	0.9825621266874206	0.9820350500172279	
4	0.9807890560671281	0.9799969757230335	0.9805606235609378	0.9792740107790283	
5	0.9661554783950617	0.9673387167035965	0.9668052271133252	0.965465307974856	
6	0.9643789680038416	0.9650958615882748	0.962752602061223	0.9621670032654587	
7	0.9510927030878034	0.9534924785395071	0.9493132508355344	0.9476186194824755	
8	0.9581195357055323	0.9610283775605116	0.9567580645114859	0.9554112850799958	
9	0.955765212541273	0.9575517546702272	0.9571836487380675	0.9550957826859457	
10	0.9522280622623253	0.9556862025367463	0.9518599443485665	0.950096251834718	
11	0.9510293834319036	0.9526419177491833	0.950810190056952	0.9484820008715517	
12	0.9442740058006356	0.9459730419471161	0.945250888084304	0.9415270152649499	
13	0.9451589188771792	0.9485406470463117	0.9453474196030468	0.9419889785927698	
14	0.9497226637262711	0.9517724494624539	0.9499517529421047	0.9467643943242205	
15	0.9448766110637777	0.9470811182150902	0.9453204280679607	0.9418754764131664	
16	0.9451206957628602	0.9463825089523639	0.9444461534099866	0.9414665892828213	
17	0.9452540152800758	0.9483778394201001	0.9447682724355012	0.942113395548522	
18	0.9478698464859013	0.9482334108389128	0.9474615263886622	0.9440465137960682	
19	0.9503135682882969	0.9523519024741568	0.950035844226809	0.9482625959451542	
20	0.942467957281582	0.9433660683997666	0.941325916993684	0.9380525931067565	
1	0.9506455008865249	0.9590732607309599	0.9508888389395946	0.9524328274025148	
2	0.9528758107036208	0.953052122553066	0.9518153524886921	0.951352991812029	
3	0.96059669678649	0.9599135780247149	0.9601782518985807	0.9592196805995884	
4	0.9627696703944036	0.9631139840981444	0.9623015174484774	0.960757718494334	
5	0.954907999951031	0.9579895373400978	0.9551373736234664	0.9524738940962527	
6	0.9530253920310637	0.957282157918088	0.9530587404221512	0.9507286464860991	
7	0.9564681649741974	0.9597847046571152	0.957526661793711	0.9547855873074613	
8	0.959183234748474	0.9611123142764666	0.9613566143024522	0.9580769107468179	
9	0.9607873924955547	0.9622823430470212	0.9604945213844416	0.9586752837118908	
10	0.9605749196559337	0.9617368144192298	0.9613170931270029	0.9592133426126452	
11	0.9581829647318245	0.9586456016282043	0.9575940112894554	0.9557079759110141	
12	0.9557907042711683	0.9571357279371792	0.9551647084744795	0.9531461855614292	
13	0.9529678796622356	0.9545495897700829	0.9539509302543654	0.9512702337337332	
14	0.9521492708715673	0.9538789578068532	0.9512481061734928	0.9495469394383109	
15	0.9550037351165053	0.9562945563880908	0.9551460853339816	0.953219311853107	
16	0.9585051612656694	0.9591345328670704	0.9590016539180304	0.9562622717601901	
17	0.9557151752617782	0.9570922527405491	0.9569154580368995	0.9545793020919026	
18	0.9555720683101517	0.9553409029232491	0.9562159010975123	0.9535719993086873	
19	0.9491014160895813	0.949032727533503	0.9492985533320921	0.9460151096601052	
20	0.9484415132115893	0.9509384128527157	0.9475991448543883	0.9456898348915722	
1	0.8122957516339869	0.8287238930659983	0.8019794094794094	0.8074994389668303	
2	0.8568353835244791	0.840146610386315	0.8442312237582413	0.8300770017655147	
3	0.8920524287867865	0.903282167067191	0.8891360168354342	0.8852004964793713	
4	0.9083186849329388	0.9123362201884505	0.9061917467972225	0.9037847944447458	
5	0.9174243576621353	0.9235430767053432	0.9220812071650748	0.9150075875298006	
6	0.9085418904919345	0.9105744363043958	0.9084886745143916	0.9033530855951769	
7	0.9287602282137678	0.9307205936825671	0.9272467417728824	0.9235930498203901	
8	0.9348727811403176	0.938179919110596	0.9375950944343517	0.9320544163933686	
9	0.9333070765286858	0.9339622227476893	0.9355889585318766	0.9312845547128686	
10	0.9442266193476986	0.944505502911262	0.9441508515115533	0.941200309784309	
11	0.9434577429235037	0.945242264103605	0.944857151074321	0.9414848983566041	
12	0.9484282919427932	0.9495974557892709	0.9476519613014717	0.9456275034213487	
13	0.9462489661910394	0.9480449054563546	0.9453638916695616	0.9430712203742897	
14	0.9482673091943232	0.9496909440573387	0.9467888517430827	0.9433795554794566	
15	0.9519307074592783	0.9532423915927378	0.9514983562159512	0.9491798442923122	
16	0.9495050436868144	0.9511642337873445	0.9490730215353193	0.9463010498306292	
17	0.9498432508924196	0.9510958410311924	0.9482653748191658	0.9461653641295029	
18	0.9469727537918988	0.9476057030703525	0.9467316867181056	0.9433077292951252	
19	0.9468395835386411	0.94839197295302	0.948265652837198	0.9444734042842635	
20	0.9427646411332884	0.9435972188292983	0.9443226070593734	0.9406294156871879	
1	0.9842525819088319	0.9844781604837544	0.985095159603062	0.9840852409964641	
2	0.9917395610754987	0.9917276156488251	0.9922607437473279	0.9916858770220662	
3	0.988635333495934	0.9889616989178706	0.9886521073741452	0.9884710084725284	
4	0.9733771660809205	0.9738115270678684	0.9738540908873708	0.9727852978661592	
5	0.9381378649160886	0.9387110305954698	0.9364874378148424	0.9351407253735158	
6	0.9536943284633126	0.9531197053463325	0.9529489618830752	0.9514488419230741	
7	0.9530139179191509	0.951848774586444	0.9535238019491796	0.9506801343143003	
8	0.9523306327950856	0.9532281066192381	0.9531573103323039	0.950130077284059	
9	0.951473679178372	0.9514370147354191	0.9513399862017116	0.9484704681913089	
10	0.9568837604769694	0.956576299710217	0.9562698764844594	0.9541217457360183	
11	0.9542938780470881	0.956010884077637	0.955753000656861	0.9523461579244281	
12	0.9525432406203738	0.9462782994433282	0.9452759010091815	0.9435128051443336	
13	0.9554082571564375	0.956256206315449	0.9553216568997027	0.953480408482422	
14	0.9600013432995919	0.9606808103594988	0.959144095230177	0.9579838858062287	
15	0.9556569022648521	0.9544136191955831	0.9547304122661769	0.9523912671869309	
16	0.9465706019257194	0.9440798180853748	0.9441806333305837	0.9410588856796382	
17	0.9443682531655717	0.9451843193892332	0.941326408069298	0.9395177368959025	
18	0.9503624893765455	0.9532193153037581	0.9503790832339164	0.9488237458719299	
19	0.9364241512533605	0.9387417200444614	0.9344480509654426	0.9297943056254653	
20	0.9406373061792028	0.9442969096552298	0.9400409892400065	0.9359502978650184	
1	0.9724602059925094	0.9740964748813419	0.9726425367447662	0.9725023764245254	
2	0.9762934881203184	0.9774523950196654	0.9763612994789319	0.9761397734210855	
3	0.9770721168851435	0.9789107653308338	0.9763729295599376	0.9765398691480666	
4	0.9695887408498449	0.9717134913285393	0.9694741949244197	0.9683299260980043	
5	0.970437927081733	0.9717897003680621	0.970069411900498	0.9696141657010106	
6	0.9712683631832536	0.9721982140510415	0.9716206247160644	0.9701856574795978	
7	0.9651233964234216	0.9672790966737974	0.9649208533873681	0.963854602491147	
8	0.9656686050124912	0.966830908515353	0.9660285114140783	0.9643553622283333	
9	0.9599474669388527	0.9624170072634237	0.9610727712210821	0.9592087598075736	
10	0.952129518313734	0.9552553748883049	0.9501646475171084	0.9488710174371541	
11	0.9639011173628856	0.9652757888679151	0.9645759975210214	0.9624111971060096	
12	0.9595878363149358	0.9617978188927844	0.9596591352808949	0.9576913051165419	
13	0.9586160509510122	0.9613651790939913	0.958140205295602	0.9561436202002019	
14	0.9560387116496073	0.9574558207572308	0.9558988334923059	0.9534596850510367	
15	0.9384914808363204	0.9414684244243001	0.9377194291693609	0.9349959025352452	
16	0.9318582252112909	0.9383580492818817	0.9324188685248074	0.9261696273505896	
17	0.9462288540933028	0.9503716113419619	0.9454129644799901	0.9431754495963178	
18	0.950254143686366	0.952507537106967	0.9503047749633073	0.9479925889098398	
19	0.9470863222240002	0.9493643576850509	0.9472195180219751	0.944546291411711	
20	0.9397212498484624	0.945857492811642	0.9401817453845347	0.935456195701696	
1	0.9957932692307693	0.9963290782575496	0.9955656002612524	0.9958452000975611	
2	0.9833631577177315	0.9826551423111425	0.9834643524704181	0.9823115493641184	
3	0.9713014450585825	0.9716647804117543	0.9716305633076473	0.9706687025833451	
4	0.973496673100371	0.9742490586361828	0.9731192690101186	0.9728996588052132	
5	0.9764649684025629	0.9769240591938579	0.9768396800286645	0.9761863528947046	
6	0.9620614529971907	0.9631725045121168	0.96281413768066	0.9612708836679018	
7	0.9636646392405849	0.9652542173578761	0.9634497691799876	0.9628236229065582	
8	0.9650860853517711	0.9663988207865606	0.9645165449151664	0.9642001720043654	
9	0.9511234689992283	0.951011412706214	0.9521814842799381	0.9496033026231573	
10	0.9459150930620479	0.9468855724832187	0.9472918593912351	0.9444286339228768	
11	0.9504079183871419	0.9498671961711778	0.9498602134979733	0.9480845574512269	
12	0.9479974018837879	0.9497217291195951	0.9471408703498104	0.9457128884018121	
13	0.9550780076608487	0.9549421340160814	0.954286720238315	0.9529229089823645	
14	0.9559759952011812	0.9564606990305579	0.95703235183995	0.9549754603417607	
15	0.9376475309305707	0.941089044501599	0.9376326747165699	0.9326156008969912	
16	0.953182662115883	0.9549688778012351	0.9544581067973632	0.9520411090896421	
17	0.9534118310364396	0.9543420498702867	0.9532496925511971	0.9518169773408254	
18	0.9511465723520751	0.9523230038434263	0.9508598000140991	0.9492305006651421	
19	0.9511707316364051	0.9522666899701658	0.9508343437218656	0.9491503961831962	
20	0.946597627510422	0.9476795794292462	0.9469790423951308	0.944458187190093	
1	0.9163916925465838	0.9226651680290847	0.9165072313401414	0.9138168309978084	
2	0.9621534389977747	0.9645728139603975	0.9624031807656801	0.9615820021940712	
3	0.9558406582741793	0.9563940281469425	0.9543349022227731	0.9535217001472597	
4	0.9689085937344504	0.9694274365966146	0.9699424587778093	0.9687037030565477	
5	0.9688459565342764	0.9688006656922413	0.9690149277652864	0.9680986569584817	
6	0.9447100084691363	0.9441909935924877	0.9450068114838563	0.9416332132818056	
7	0.9481711290778717	0.951083568136294	0.947452067116605	0.9468307222786173	
8	0.9498058450189523	0.9485334165481156	0.9490438818590028	0.9473850613438183	
9	0.9492968742789724	0.9500427773769053	0.9503184224808781	0.9480853294040801	
10	0.9488388556161006	0.949907004817417	0.9474489652606296	0.9460917800384117	
11	0.9461919180643263	0.947963827717938	0.9466795369353896	0.9444231415896378	
12	0.9509732618954767	0.9516299395368487	0.9501732235775054	0.9483456768022093	
13	0.9453684963725343	0.947070394690287	0.9465129134348983	0.9431750621019727	
14	0.940910888264752	0.9421921218921737	0.9413637622568325	0.9376243334527998	
15	0.9431155909446561	0.9460797921169977	0.9419274183389652	0.9400806351942832	
16	0.9478479671696822	0.9505535358938737	0.9484317597709729	0.9454559846211312	
17	0.9504481145434012	0.9520941193507623	0.9501163232932667	0.9480412817554568	
18	0.9408993790033521	0.9445097247431024	0.9410881734439605	0.9388444701802467	
19	0.9468415741628724	0.9473138599824	0.9452703182483579	0.9429436965604128	
20	0.9516941686757308	0.9522626633925176	0.950661067441574	0.9486746303125478	
1	0.9567460738539899	0.9565645385645335	0.957452712359569	0.9553645831580587	
2	0.9643539291777832	0.9653000669280116	0.964143147120342	0.9626605610685101	
3	0.9738865918997764	0.9757248225006184	0.9745515400538318	0.9732275778131481	
4	0.983932905916505	0.9847632004888717	0.983126019820927	0.9825626562549149	
5	0.9686259726085493	0.9701117596479716	0.9686135099751614	0.9669592282642995	
6	0.9671659373213192	0.9681305874982602	0.9664663631456336	0.9654280674114933	
7	0.967056477860034	0.9662256915055915	0.9661738401226495	0.9647734281836788	
8	0.9666558643807907	0.9671051060351581	0.9663554012109309	0.9655040101652284	
9	0.959306275958613	0.9601092248829537	0.9594322504781372	0.9574687282445029	
10	0.940091558551539	0.9428186499130723	0.9397709579654862	0.9372061273827699	
11	0.9475571764320615	0.9495944968490835	0.9472834356510792	0.9450225052043997	
12	0.9521754279220911	0.9533657335219564	0.9526254509889993	0.9503513852921303	
13	0.9547020368404416	0.9566713309630975	0.953919899838654	0.9522698430914132	
14	0.9558499969202617	0.9574565755893676	0.9555838021752772	0.9540883704145567	
15	0.9553797510600838	0.9568715798456247	0.9551108930176635	0.9532677583182693	
16	0.94978629892828	0.9516286529502243	0.9494352558847247	0.9471972954755106	
17	0.9505816697064762	0.953271718300637	0.9507788448750091	0.9485019335688715	
18	0.9499069311890298	0.9519598802310907	0.9498485906446822	0.9476140473003648	
19	0.9498344627501987	0.9524067747156423	0.9504659997365044	0.9480399089950531	
20	0.9429541756373903	0.9455938850399488	0.941524676679375	0.9377092066010361	
1	0.9895833333333334	0.9904117583168817	0.989523199023199	0.9897323106665903	
2	0.9916666666666667	0.9919592942465527	0.991263021943943	0.9914477079956538	
3	0.9825041459369817	0.9833260417319775	0.9828635034210601	0.9823298126404839	
4	0.9802994080569238	0.981085470392875	0.9803140314113776	0.9799899861511033	
5	0.97608349559732	0.9760706483057611	0.9768522431311393	0.9754051628087531	
6	0.9724691156793169	0.9717885745674405	0.9732313204221684	0.9714798339453786	
7	0.970113334649667	0.9710874366117114	0.97113348160754	0.9696088596702529	
8	0.966934213877003	0.9671770861955578	0.9660466700816145	0.9648956892936741	
9	0.9602730130017864	0.9619921292108149	0.9606511676814882	0.9594158303668716	
10	0.9602128818075002	0.9616681166084255	0.9609286227724793	0.9594247085202265	
11	0.9593898576285563	0.9602863267792006	0.9605939986874156	0.957839186776486	
12	0.9675980833052457	0.9681964264898343	0.9669238205004639	0.9662743077970143	
13	0.9515669760135709	0.9532151712615105	0.9526151637526049	0.950722635979662	
14	0.9556512440847332	0.954482672457412	0.9541057065067112	0.9528393130274307	
15	0.9504437445519726	0.9527320716042991	0.9505319034500044	0.9492754168873351	
16	0.9495512283230173	0.9499467004247666	0.9499758822573252	0.9473775698886675	
17	0.9478399890153346	0.948761951368059	0.9477688936455576	0.9450742510217386	
18	0.9496910956337814	0.9512181845895973	0.9501116391965034	0.9481446802053247	
19	0.950156431638152	0.951375164883344	0.9498253773883327	0.9483433966542433	
20	0.9482196642049641	0.948584111569142	0.947191812992561	0.9452852198826378	
1	0.995751404494382	0.9952455300127714	0.996057825567503	0.9955469013309305	
2	0.9795663759689923	0.9798289587282532	0.9798423815490191	0.9790936110390602	
3	0.9784001468859036	0.9797632253858746	0.9782930732004053	0.9781615272388026	
4	0.9802712805825643	0.9801782732019728	0.9779982312372638	0.9782527082341201	
5	0.9730413765723581	0.9739156162089071	0.9738214624990615	0.9725647389257569	
6	0.9507897138782798	0.9524817956164296	0.9516529579039918	0.9491467453149683	
7	0.9470616475823677	0.9504264254937749	0.9470777385576401	0.9435905001505065	
8	0.9425808810862973	0.945031257456675	0.9423132090167124	0.9396403823528572	
9	0.9426036040313461	0.9449480896459167	0.9436768076865538	0.9400731045040153	
10	0.9486035982868228	0.9518962634516368	0.9490548600942008	0.9465990368640675	
11	0.9551318779293307	0.9554365060406678	0.9561211037237173	0.9530143066662895	
12	0.9229991022820396	0.9342208799568527	0.9242736500292082	0.9173107213983916	
13	0.9228764218743891	0.9357347074800184	0.9233633448026066	0.914586203347112	
14	0.9286519612964609	0.9360333840967945	0.929218602094129	0.9226749286021415	
15	0.9354559139643269	0.9406323895844708	0.9347068636257523	0.9293961595710972	
16	0.9352237867870268	0.9382613025222498	0.9354096083767867	0.929662561734408	
17	0.9372037386149438	0.943120173446583	0.9377047129864851	0.9315281833057886	
18	0.9361711378746287	0.9416068244761049	0.9366246817782417	0.931355574127984	
19	0.9352307896519108	0.9408630686928798	0.9341704532464972	0.9298413343747178	
20	0.9333249028112107	0.9397839653895677	0.9332823511647573	0.9289622141282944	
1	0.9856436965811965	0.9865672265748169	0.9853695132232165	0.9856338370310637	
2	0.982144764957265	0.9823791986561664	0.9836965165777162	0.9827472018533622	
3	0.9564712643308275	0.957552676111502	0.9560382069157433	0.9543757763467521	
4	0.9582465277777779	0.9574383466038698	0.9589639700268514	0.9555622973550871	
5	0.955414156330734	0.9521572908515754	0.9508213736092147	0.9493648304171767	
6	0.9538130141435136	0.9547918349588986	0.954754436879513	0.952535407491163	
7	0.9540096620792601	0.9562878593424688	0.9530247648073928	0.9521700026685724	
8	0.9600034104812798	0.9598099101388704	0.959869077700833	0.9575155169551701	
9	0.9491099788488602	0.9518346363235922	0.9491259990546386	0.9470474829934865	
10	0.9435285712438647	0.9389995023084945	0.9397400777998852	0.9374048780556767	
11	0.9605783381322052	0.9602479491844683	0.9608145815266649	0.9587294957307543	
12	0.9515740501993206	0.9525113582163248	0.9518765739326275	0.9507564339177313	
13	0.9539490432680954	0.9548216661272485	0.9533009586978813	0.9514153945699362	
14	0.9451696109566194	0.941061005943286	0.9460652683498473	0.9409150275579387	
15	0.9629520652454941	0.9631272847691028	0.9629774913684715	0.961810142059921	
16	0.9592089860552815	0.9590966987613507	0.9579676703645377	0.956759319925756	
17	0.962650924514927	0.962716359791568	0.962750610389107	0.9615523226313409	
18	0.9621460210192433	0.9631463002539616	0.9622833158814473	0.9614683815583562	
19	0.9558280753102245	0.9571978840236529	0.9553294459297645	0.9539465908757406	
20	0.9490464983929614	0.9496113984675898	0.949153750386696	0.9470429344739774	
1	0.9321546052631579	0.9367163382594417	0.9335254464738161	0.9332315478776041	
2	0.9557542372612273	0.9530002928867745	0.950537439125172	0.9505181607564352	
3	0.9518280383501351	0.9567433476683123	0.9499785532570516	0.9474530127514882	
4	0.9438174702417765	0.9496142317874525	0.947855146981226	0.9430126498675191	
5	0.963936555499127	0.9642782416769344	0.9602717363159841	0.9599344692539278	
6	0.9618165387477638	0.9647669676088332	0.9626896376622579	0.9615344057329689	
7	0.9646646154504338	0.9658692434626017	0.9632125866939031	0.9629075798964071	
8	0.9663509834925158	0.9671439455902562	0.9667241621226723	0.9646887470308104	
9	0.9646588501745759	0.9668831349452973	0.9637419159294621	0.9630153643485051	
10	0.9600900747164559	0.9613289146984426	0.9594849909015984	0.9582897541740147	
11	0.952401002186051	0.9532615466434151	0.9527990813729686	0.9504442356665851	
12	0.939118040110245	0.9423435235184634	0.9401607989531874	0.9364867520230202	
13	0.9515568940095592	0.9534422677266796	0.952285685893082	0.9500544629963538	
14	0.9432328799036951	0.9455123618424625	0.9423914428393341	0.9398461834129116	
15	0.9452150464615784	0.9466531547765006	0.9448264908354898	0.9427671879172734	
16	0.9407217922058178	0.9415992673347442	0.9415646010397862	0.9383048971037562	
17	0.9399827811555975	0.9438797794802061	0.9393546224180552	0.9369703807494537	
18	0.9451552343396415	0.9487273403659867	0.944314271369594	0.9422177369386363	
19	0.9455320896010426	0.9482525028754183	0.9454804523087962	0.9426198472741294	
20	0.9433084020817333	0.9461021486052473	0.9452135865247435	0.9413629999315102	
1	0.95875	0.9590555391477193	0.9576474048260477	0.9563312955099482	
2	0.8846572580645161	0.9030519335953041	0.8848997733175511	0.8825919300069953	
3	0.9190793010752688	0.9259957305401891	0.9224268702665275	0.9202704712867243	
4	0.9320553626323174	0.9332473408953635	0.9303658379085633	0.9292506781360226	
5	0.9350230343454854	0.9333401016059673	0.9346137455348721	0.9318827894709207	
6	0.9515974887515162	0.949484939970756	0.95046826342391	0.9485668116185192	
7	0.9437363812308245	0.9429042319736617	0.9443708815155926	0.9421342059420006	
8	0.9448491303185265	0.9449212379173897	0.9456091070734507	0.9435165503954623	
9	0.9564369884299624	0.9568415212674218	0.956492553930518	0.9552719467556062	
10	0.9590807977801186	0.9592523500451208	0.9583484726393483	0.9572751313323311	
11	0.9575973266721665	0.956541186423603	0.956737881044188	0.9550268246102458	
12	0.942900894995009	0.9441849982789318	0.9441195461890749	0.9417878722744911	
13	0.9466596375862947	0.946853903326728	0.9471631308289609	0.9448155527406398	
14	0.9486937880388745	0.9486006690651705	0.9485394091254757	0.9462788977397045	
15	0.948603990051606	0.9489111872650199	0.9483927557456636	0.94694147109025	
16	0.948429474079134	0.9496517618400291	0.948793154248933	0.9464328153294352	
17	0.9411858642098676	0.9432219934407643	0.9403323818627227	0.9376074723953144	
18	0.9420401154680742	0.942265583800261	0.9419461449526472	0.9398507714352135	
19	0.9410962709623142	0.9415806790478221	0.9395368097284299	0.9370462214713509	
20	0.9366729624400018	0.9394451107979312	0.9375295363789812	0.9319666068202453	
1	0.9748641304347826	0.9768559378935884	0.9740435082162918	0.9733890631216676	
2	0.9697386937111802	0.9726465417217776	0.9704433051463586	0.9689267973545083	
3	0.9478861816238364	0.9471804406212802	0.948112253074224	0.9457522053147809	
4	0.9524499200311538	0.9524678061430917	0.9520300245102811	0.9502097996431169	
5	0.9357947932946395	0.9378897324598923	0.9391351795125507	0.9336673514361162	
6	0.9273993453126778	0.9269070321245807	0.9271567789718346	0.9236511874166945	
7	0.9421002979000537	0.9424005839167722	0.9435649741376085	0.9404743923004782	
8	0.9344681380829343	0.9360169746224245	0.9354135493724367	0.9324872911794477	
9	0.9323912226817703	0.9349211842655222	0.931992699066772	0.9285599198806617	
10	0.9168618135488493	0.9175913558831976	0.9164052604842624	0.9118932243506628	
11	0.9295211080410535	0.9335854795461153	0.9295709312356478	0.9259618897340072	
12	0.939819679296883	0.9413348291642643	0.9398704648105252	0.9367038340627795	
13	0.9314063779669378	0.932342178101303	0.9314176145164883	0.9269425605955501	
14	0.9298595887183979	0.9362012470326776	0.930627060322106	0.9258728854080556	
15	0.9316116668616554	0.9355211836844125	0.9316217675434229	0.9269286727816459	
16	0.9400749207957025	0.9435264818408733	0.9388739564738446	0.9356822789354321	
17	0.9374139109732782	0.9415436951230686	0.9375125360252707	0.9340756059617608	
18	0.9407510540292139	0.9436072929447425	0.940538022784503	0.9369456651645005	
19	0.9342906018629256	0.937010011052933	0.9348920347322325	0.9310962614803027	
20	0.936977789202081	0.9402695727936379	0.9375652707765549	0.9332982364649631	
1	0.9925916666666668	0.992199081287534	0.9930755563222772	0.9924062728178837	
2	0.9867075892857142	0.9863508561312467	0.9858322470357503	0.9855286390072554	
3	0.9756109126984128	0.9743831407648184	0.976130381607088	0.9743340503211391	
4	0.9766974301739927	0.9758333477976195	0.9766603474612217	0.975400310148803	
5	0.9683263720103426	0.9677535847047022	0.9676254640584918	0.9664949502328488	
6	0.9663699968128276	0.9668921959762985	0.9661584963226885	0.9652796118494095	
7	0.9626109102615406	0.9644986834681661	0.9634108463443904	0.9612570160575565	
8	0.9705417100975005	0.9708009632754189	0.9707590729013782	0.9696881899809486	
9	0.9655808237512148	0.9651038665362466	0.9653689427316833	0.9635463246039746	
10	0.9611972966188691	0.9619347164316308	0.9614082166788673	0.959913678629233	
11	0.959716182534253	0.96226559217012	0.9600616589685687	0.9589542685619229	
12	0.9652275488912818	0.9658716613777599	0.9649622053660397	0.9632705621956376	
13	0.9596883259681074	0.9593868389985777	0.9584954001651731	0.956055936200645	
14	0.9635938140217959	0.9626358078554144	0.9612603358007912	0.9599905175359378	
15	0.9583361621955605	0.9600112755734725	0.9583950655566299	0.9565691760639027	
16	0.9516291359693533	0.9532981482490483	0.9513220117922317	0.9497683746202574	
17	0.9528199191803232	0.9560346184388863	0.9520765091950115	0.9502350154021334	
18	0.9463234118606891	0.9515706510459163	0.9465457047166286	0.9431632260563207	
19	0.9469277334605192	0.9502388685668203	0.9461710749868706	0.9434344935540393	
20	0.9445033124208431	0.9486811396640024	0.945465257598164	0.943052460479592	
1	0.9609642094017095	0.9612028013667131	0.9627663676956101	0.9606446326877229	
2	0.9659693008814103	0.9678686526579723	0.9677752203500152	0.9653438230213359	
3	0.9681095882159251	0.9678019329268405	0.9683015192034851	0.9669381316418798	
4	0.9610848970700244	0.9634440010472548	0.9618063022457014	0.9599151832205021	
5	0.9623449696198799	0.9639660179514319	0.9629364067699082	0.9606015594369703	
6	0.9528708606523204	0.9555637505646896	0.9532876812115689	0.9497074693892418	
7	0.9465656002625228	0.9506069865060276	0.9463570857758913	0.9424752813972018	
8	0.9475785682363443	0.9512854773943826	0.9476888804778064	0.9437761907615674	
9	0.9500221002697629	0.9533412016925512	0.9486402723652164	0.9463377708329569	
10	0.947322312585392	0.9503970384169611	0.948725717776704	0.9449212853623109	
11	0.9405424138388422	0.9462165789125659	0.9397895989717959	0.9370183905447262	
12	0.9396916176685045	0.9437780475629521	0.9415208057938688	0.9372848989191577	
13	0.9464440209460523	0.9452906975838903	0.9443932915113625	0.9399820868150672	
14	0.9387063141277153	0.9432138610213264	0.9379170675941815	0.9343312011286187	
15	0.9460506273406492	0.9493036607106745	0.9454845174321456	0.942829952246379	
16	0.94036414323005	0.9392585415162417	0.9387721807863091	0.934022144460321	
17	0.930735644124938	0.9368621484667847	0.9331527985121053	0.9278846820997646	
18	0.9437525335631592	0.9449212594416111	0.9431052766817909	0.9384220742062566	
19	0.9425401421060321	0.944259029840359	0.9414352794726779	0.9380452890688398	
20	0.9396881616874089	0.9400821038204276	0.9385833138459759	0.9349691060349651	
1	0.9608862704918033	0.9642734052737415	0.9619623068005408	0.9613249657383469	
2	0.887849783697632	0.8928640075253577	0.8933623672606648	0.8904522715513135	
3	0.9165390741851408	0.9186569018351333	0.9175989876160138	0.9140271582219107	
4	0.9091464290606508	0.9106029717302976	0.9112236351704999	0.9048903388865726	
5	0.9220868190181839	0.9220894740554266	0.921333312699066	0.916867925618899	
6	0.9232650601538385	0.9245632389132701	0.9256113144344278	0.9188303419943766	
7	0.9277931224744086	0.9301230081214376	0.92935691331196	0.9239634362253072	
8	0.940006745111487	0.9408080151659517	0.9402353028617699	0.9364272899378502	
9	0.946840865504558	0.9475694449807036	0.9482750137523936	0.9457039323008325	
10	0.9488351345066975	0.9479716176913764	0.9490977078033194	0.9463623141534467	
11	0.9454263296263897	0.9429543328099995	0.9430360651167462	0.9406204277755279	
12	0.9433734076958875	0.9441095674248313	0.9440295774008222	0.941708571163507	
13	0.9236633013449622	0.9308729329090369	0.9263941513381979	0.9193706452563919	
14	0.925142310707223	0.9301647938491086	0.9235389730575138	0.9177234495661948	
15	0.9452615357893616	0.9444093324217382	0.9469499853460851	0.9431703259690063	
16	0.9338143791217716	0.937372450025806	0.9347374649397135	0.9286446694009853	
17	0.9423483120024834	0.9421858183867163	0.9410582488350125	0.9388328225647935	
18	0.9464546528648508	0.9469880865205114	0.9455954450508833	0.9436369762723705	
19	0.9397558256002025	0.941507151135069	0.9386465380216473	0.9344972598650034	
20	0.9479791690473455	0.9485374201366928	0.9481145703539576	0.946116339608575	
1	0.9938322368421053	0.9934541196034499	0.9937762857147947	0.993473225223806	
2	0.9777823464912281	0.9784995559957078	0.9779057239137061	0.9775867961730927	
3	0.9771059692317916	0.9780178238811618	0.9772023839978333	0.9765856034886452	
4	0.9834400750930357	0.9837857529171391	0.9839192786524513	0.9831584930296997	
5	0.9738973756202374	0.9751565591982587	0.9750893532746803	0.9739990276205509	
6	0.9737462065833776	0.9746421329782949	0.9739645875152073	0.9731563705710231	
7	0.9736295847336144	0.9743914475205583	0.9741823190212242	0.9728994895587414	
8	0.9643677805250805	0.9638224523877967	0.9650678235632617	0.9627327630032791	
9	0.9693173545178231	0.9700497930417333	0.9705395579985314	0.9682387697453648	
10	0.9642213846904781	0.9638079937290241	0.9648851438161572	0.9629770429240953	
11	0.9665417360857024	0.9670431926292646	0.9671054637036091	0.9655584734781086	
12	0.9577610116261014	0.9586071187100759	0.9583988685107651	0.9561918871055389	
13	0.9444029794515654	0.946549521433587	0.9451698804695723	0.9418715502346954	
14	0.9369833663261452	0.9395832475195611	0.9353814888426014	0.931748276681949	
15	0.9410625128140192	0.9454088773093976	0.940474542856975	0.937921471863066	
16	0.9467497194631291	0.9482492314003323	0.9468263864435664	0.944799016493248	
17	0.9426681800091674	0.9447515650932717	0.9438857558910937	0.9411845967674313	
18	0.9431845139810987	0.9444531296864793	0.9423991730355303	0.9400449015270864	
19	0.9407362228541059	0.9419185138983089	0.9422293953056442	0.9385418726932915	
20	0.9441288969449056	0.9450012528925177	0.943479932859941	0.941219807556052	
1	0.9991319444444444	0.9992831541218639	0.9992063492063493	0.9992316608710051	
2	0.9699369331065759	0.9713605396584455	0.9693350920728594	0.9689310501183319	
3	0.9208976993575207	0.9264941561875101	0.9203928131173114	0.9176013016260325	
4	0.9314429394270146	0.9318316752522782	0.9271766351512054	0.9249422532387959	
5	0.9364346652172053	0.9395925076429691	0.9337684345120213	0.931716806146731	
6	0.9434715931218491	0.9436085116614296	0.9453408653252183	0.9407829873810772	
7	0.9309197419386708	0.9341137835171226	0.9312507482040706	0.9285156516458191	
8	0.9440369743857837	0.9441975636468194	0.9430243932156814	0.9410319787086614	
9	0.9398439560171057	0.9410677300882134	0.9408407756222535	0.9385628411927827	
10	0.9444103702655788	0.9450135380039602	0.944009277441079	0.9418182250579301	
11	0.9496388310781163	0.9507147107081712	0.9489149978318256	0.9470488496922908	
12	0.9496041791054676	0.9510631439539271	0.9492705654086074	0.9474500158729097	
13	0.956684682063079	0.9566733364257689	0.9562487447060766	0.9542728476121165	
14	0.9500521910590167	0.9514600416070523	0.9501697970007996	0.9480372216420746	
15	0.9547495303599088	0.9565731583431009	0.9551034916122084	0.9535281557387487	
16	0.9583979594841455	0.9593966987882201	0.9569227879017977	0.9560259130214588	
17	0.9571188894303471	0.9582124129767978	0.95657747589767	0.9554286250244202	
18	0.9554839843226576	0.9572334677976221	0.9554786853687823	0.9541570900525428	
19	0.953323229615625	0.953702534679612	0.953443110506341	0.9512381043761814	
20	0.8962978275263135	0.898478348060778	0.8955530532974212	0.8835753871790336	
1	0.18340371621621623	0.18340371621621623	0.18340371621621623	0.06421290091540896	
