1	0.9859375	0.9867502719228621	0.9869164772009599	0.9862304155733606	
2	0.9579299428104575	0.9596269509107904	0.9579046496541815	0.9561995663328937	
3	0.9150812660922956	0.9141738238432845	0.9135632019780089	0.9101489742928224	
4	0.9142890300059419	0.9142447629141148	0.9141250218582112	0.9113157327822208	
5	0.9166438043823076	0.9197314122493208	0.9145508597914545	0.9120673995022355	
6	0.923039889993415	0.9250130233182462	0.9239760268037843	0.9209593265834441	
7	0.9117160418893359	0.9131644075726391	0.9121096367917827	0.9069305934634763	
8	0.9262216497582288	0.9261229352086129	0.9257319775543633	0.9229109115414023	
9	0.9233783431945639	0.9264724451428551	0.9236965425019912	0.9207676448686668	
10	0.9123613998555141	0.9139988048865952	0.9132201812780231	0.9080635571088933	
11	0.9236592439562518	0.9252813502360553	0.923366200783191	0.9198981752989597	
12	0.925390104070908	0.926380216521462	0.9250113429743885	0.9214117704374122	
13	0.9297868268338136	0.9321986700365608	0.930248903070628	0.926951954972959	
14	0.9343896883675064	0.935518491830557	0.9334330878213667	0.9306650923036264	
15	0.9353851972226394	0.9364300279416972	0.9358245406987387	0.9328455547524162	
16	0.9373515904526382	0.937689861547691	0.9374970906991081	0.9338730166457664	
17	0.9356616186113307	0.9371432895256923	0.9358369637146359	0.9326300841098205	
18	0.9415004237691598	0.9423134635987065	0.9414875298756085	0.9386755725762322	
19	0.9383085368329587	0.9388927527372897	0.9391024422295052	0.9353985948684445	
20	0.9374032717670747	0.938319480905116	0.9368709295395105	0.9333604538240949	
1	0.9620126146788991	0.9657093384319015	0.9613120552874616	0.9616902004234992	
2	0.957393198573564	0.957590150516025	0.9575704475217806	0.9562096677434379	
3	0.966211810087303	0.9664430213252774	0.9667274513333329	0.9652764233607312	
4	0.9644091994938553	0.9656441552348239	0.9639735177774605	0.9633667437901077	
5	0.9520310765470278	0.9534766809203135	0.9532603203756553	0.9502992520039923	
6	0.9499189093398835	0.9511900564076529	0.9512531409382031	0.9492658006147007	
7	0.9500153745770629	0.9513295460874293	0.952200503953106	0.9500416349991384	
8	0.9487014545331072	0.9490574659199066	0.949027014142281	0.9470821907261945	
9	0.9451216910203285	0.9474816467982914	0.9456454998565269	0.9439030937232603	
10	0.9484914969714527	0.950011551042653	0.94936119709898	0.9466115529839744	
11	0.949776747314802	0.9511765132168736	0.9507713939470115	0.9484702714379466	
12	0.9550646385471939	0.9549382747080409	0.954425209931411	0.9524890851105431	
13	0.945288263631704	0.9467888556107529	0.9463053700535363	0.943614781628682	
14	0.9526494443548038	0.9530281506234255	0.9521307694142201	0.9498644110298091	
15	0.9484604439601135	0.9486018773855378	0.9481818291915726	0.945413755377352	
16	0.947303135217743	0.9477618158773172	0.9474825334762211	0.9446180278079083	
17	0.9435381982711831	0.9443128991207471	0.9457659656650008	0.942037176659492	
18	0.9448753198313082	0.9467453130969675	0.9448365800057318	0.9421377276445929	
19	0.9475033203509803	0.9492574074226846	0.9464158764742217	0.9444215377499947	
20	0.9489542817384379	0.9510008497378626	0.9483532191347461	0.9465821259727324	
1	0.9805362654320988	0.9798237357049943	0.9805828174967899	0.9795942382729869	
2	0.9527922453703703	0.946992831614716	0.9394585103717903	0.9418658021259547	
3	0.9676506737839842	0.9724837761215531	0.9679482979556875	0.967839389832584	
4	0.9551878860899522	0.9564531442010549	0.9561926903250535	0.9543620237809035	
5	0.9457915965207633	0.9483354752001019	0.9483349231023993	0.9432972056114896	
6	0.9529074256504813	0.9540191832487951	0.9524117685727055	0.9505489351064855	
7	0.9564599023936822	0.9568538962089844	0.956456255087628	0.9536648063543722	
8	0.9556513262602371	0.9567999337987795	0.9553441809763751	0.9532152292592608	
9	0.9553977575542716	0.9561511297647292	0.9547239090117363	0.9530978459506999	
10	0.956066839660917	0.9578128618626774	0.954767410316772	0.9532142995728533	
11	0.9531275559297486	0.9527024650318787	0.9530956629602065	0.950942421269303	
12	0.9552582809425584	0.9566852451003108	0.9561902319128519	0.9538621162426403	
13	0.9542366620919455	0.9545716105096442	0.9543890640200031	0.9523722676075199	
14	0.9533254039213482	0.9540387607283759	0.9539356667545303	0.9511433534557767	
15	0.9445216205744382	0.9449449316981621	0.9447794561540991	0.941685058096837	
16	0.9479258953246503	0.9485544962003372	0.9487150910061808	0.9459187237189914	
17	0.9514807684616182	0.9531259156601228	0.9510667443304575	0.9489782610244032	
18	0.9434517841415884	0.9453109000072225	0.9431378463718436	0.9403140902989667	
19	0.9486602000445522	0.9467167800529745	0.9454057217596646	0.943384191347688	
20	0.949605781465294	0.9508699041954201	0.950326391318475	0.9471720748235993	
1	0.9809565434565435	0.9833088166256335	0.9807570233682672	0.9814840351304042	
2	0.9673339293685038	0.9691637902857411	0.9688735395769752	0.9675577385222633	
3	0.96091098943297	0.9624233576570506	0.960756313136681	0.9593270118235813	
4	0.9628299281092813	0.9627202150581319	0.9602519525227496	0.9586887753218678	
5	0.9638566031815179	0.9651058041603242	0.9637003560160119	0.962778758932499	
6	0.9599968948214269	0.9615183973752105	0.959565517343464	0.9580550775816175	
7	0.9467355434277289	0.9467333483037166	0.9456763207220326	0.9430274537650233	
8	0.9459746036098242	0.946829867135135	0.9459608501799187	0.9433788816153947	
9	0.9459560875045044	0.9473125666510784	0.946349165121856	0.9436664414269497	
10	0.9499143834161314	0.9507549824584741	0.9483956923191734	0.9467222381696707	
11	0.9431695300854209	0.9454167326304439	0.9425376013816951	0.9394011434133137	
12	0.9417261182577854	0.9426524992404625	0.9424527474617955	0.9390580719294669	
13	0.9383401254425502	0.9389120143705841	0.9379284174302721	0.9345480859980805	
14	0.9372240191768159	0.9376132337841182	0.9361695664181138	0.9329570627677098	
15	0.9374745785432858	0.9356889223079066	0.9361714875540612	0.9321009714701737	
16	0.9340725932815657	0.9341598837341207	0.9336774862637007	0.9298892722735059	
17	0.9399229819849237	0.9400968650341983	0.9394797202722424	0.9358854977492979	
18	0.9337652570376501	0.9349951370476268	0.9315391117501429	0.9291312366891576	
19	0.9351282529748415	0.9364639113677138	0.9337072097919557	0.9306415916529742	
20	0.9344928803742265	0.9361385377876414	0.9343953630622464	0.9308306377682107	
1	0.8287760416666666	0.8537863577965946	0.8347341838260135	0.8236828205433216	
2	0.9071054924993391	0.9175377374588514	0.9126183370889318	0.9082350154854409	
3	0.9147849894012253	0.9197137372296128	0.9216275431982025	0.9166490940381259	
4	0.9279941426710381	0.9254608057235763	0.9218210038139915	0.921657910505888	
5	0.9420747914749382	0.9395776853817874	0.9395896384891756	0.9379273900813052	
6	0.9383102531494206	0.9410977719071072	0.9382349530950375	0.9375689587705792	
7	0.9509084337934822	0.951865258944547	0.9516077526534116	0.9501400158013412	
8	0.9047516949703731	0.9095885722837767	0.9038711244812854	0.8958870123073385	
9	0.9183405054245694	0.9200012689446139	0.9187846823462488	0.9154089360195496	
10	0.9240560399030704	0.9209292590402265	0.9228367217301742	0.9188829468561168	
11	0.9321843221538693	0.9342483011523693	0.9323592202870383	0.9299992829491001	
12	0.9291682680804102	0.9309781351565795	0.9268829826759709	0.9251716866748306	
13	0.9315905191647533	0.9351258188313861	0.9316639729661236	0.9303042656947909	
14	0.932408196939123	0.9321245687760145	0.9323542077643932	0.9292451812196791	
15	0.9360852188140742	0.9355018596625186	0.9342249956065742	0.9320436839218008	
16	0.9398726920691469	0.9415248790652693	0.9400994768297135	0.9376536104710496	
17	0.9414244389090868	0.9429389180409143	0.9391098038329567	0.9380672853058072	
18	0.9402525271249201	0.9424257830747368	0.9409894982297126	0.9385301454767316	
19	0.9379138295867283	0.9384103408287363	0.9387246965898643	0.9349012836611359	
20	0.933313807774512	0.9374880746971185	0.9339707011532798	0.9293028043765176	
1	0.9691477272727272	0.9708191251539965	0.967170976357389	0.9675849296808977	
2	0.9843821022727273	0.9850639227678869	0.9836548385078745	0.9838964126335086	
3	0.9793434343434343	0.9796357480365886	0.9784876106348133	0.9784760297197964	
4	0.9840220308743495	0.9846146598505617	0.9841063190708712	0.9835605297396924	
5	0.9551855014472629	0.9563469117251774	0.9555581100796235	0.9539344709593719	
6	0.9526952441093107	0.9548824260044969	0.9537149177659224	0.9515193706026613	
7	0.9544017817534617	0.955927980082781	0.9543189830084177	0.9527991707696656	
8	0.9509672149970295	0.9524978178013728	0.950528231603686	0.9490185035894101	
9	0.9501328100517967	0.9515376844375729	0.9511557695187387	0.9488674888344426	
10	0.9486397511935053	0.950367833013541	0.9486322292765325	0.9469096759933695	
11	0.9516332580815562	0.9523441220771869	0.9500485538864001	0.9485823066572273	
12	0.9522549428064292	0.9527933260619644	0.954455591150435	0.9514140543969352	
13	0.9530212906538579	0.95396889570594	0.9535049117333799	0.9516992612985775	
14	0.9543479776395097	0.9541058227483402	0.9544314808451018	0.9524870499991661	
15	0.9483873784741189	0.9501697402709646	0.9483676582911073	0.9463789610631924	
16	0.9441362117394883	0.9446018910870848	0.9448487150808452	0.9421042043512949	
17	0.9484051061042895	0.9489994477367576	0.9479756645400144	0.9462577776859337	
18	0.946095377619019	0.9463272442936442	0.9471355123476065	0.9443366444040433	
19	0.9442884551053318	0.9437348365717115	0.9432534033853385	0.9413942926814375	
20	0.9485194005200173	0.9496015322740101	0.9483686107240409	0.9465670508601514	
1	0.9118506493506493	0.9192074553633359	0.9086620204328998	0.9082984633264615	
2	0.9310962168958492	0.936672840905252	0.9293525759390948	0.928483804264248	
3	0.9050895716030521	0.9102820575371493	0.9066302690248782	0.90361503193217	
4	0.9182359464600917	0.9273920367298033	0.9199641847864883	0.9186311162887457	
5	0.9340979580981953	0.9374728777952832	0.9327961021964907	0.9327682253487073	
6	0.9380176565894561	0.9390170815527373	0.9369317971626737	0.9355790969163268	
7	0.936830793759229	0.9391801515290396	0.936686911693751	0.9340444112631369	
8	0.9401023189428317	0.9418399627663139	0.940622756752381	0.9385567385683036	
9	0.9391163419811327	0.9429368888466235	0.9393455996517049	0.9375099453670891	
10	0.9393948199091466	0.9400770182578186	0.9391200285533792	0.9369549196224563	
11	0.9423478305978358	0.9437989464250784	0.942252025891198	0.9399970236451112	
12	0.940472110078833	0.941758945709868	0.9391674676180662	0.9368488761279261	
13	0.9459643733869965	0.9468167295099718	0.9460405661067142	0.9433306888558851	
14	0.9451118389131766	0.9458147148778163	0.9426226190488924	0.9413405225607996	
15	0.9300641435836349	0.9315484666878463	0.9298125422168629	0.9231745389577125	
16	0.9401299604150821	0.9409813359444104	0.9393166158801737	0.9369345382121171	
17	0.9329825700694798	0.9339825949182049	0.9324922216407296	0.9264526868609554	
18	0.9406489015891775	0.940727675169025	0.9396262235763184	0.9370068941241557	
19	0.9434627696007042	0.9447246371824674	0.9445621378356411	0.9422361679720455	
20	0.9493520329422738	0.9504379085338741	0.949568200565072	0.9473864827558929	
1	0.994140625	0.9941646660509434	0.994212249186762	0.9940868730309264	
2	0.9642317708333333	0.9632541416349135	0.9628692230225214	0.9624668482715361	
3	0.9629686604173834	0.9646762114472304	0.9650027160372584	0.9634560859120841	
4	0.959530023172257	0.9605630230501483	0.9596409359643053	0.958514376755105	
5	0.9613683024377913	0.961886719803319	0.9614911427568664	0.9602006315588053	
6	0.9588012685779126	0.9598542297325658	0.9597291155173053	0.9582131786584646	
7	0.9536730363397486	0.9542567200972184	0.953483894073435	0.9521412211972123	
8	0.9346099526393081	0.9388610962867225	0.9335668069333385	0.9302517203878229	
9	0.9577475966545204	0.958633826493912	0.9575945815055422	0.9564946102441935	
10	0.9554978419879561	0.9561270812475572	0.9559733459142319	0.9541095058070708	
11	0.9467176962964513	0.946867444263004	0.9456927820202463	0.9442934253318435	
12	0.9420264771246667	0.9427107089928435	0.9419068594066576	0.9382789010806052	
13	0.9421846842925756	0.9449171188032707	0.9424954633407386	0.9398048279788755	
14	0.9438129877716628	0.9455180191097335	0.9443575662066932	0.9410798213218392	
15	0.9478282655300447	0.9497724776701125	0.9481156290953711	0.9455349112926802	
16	0.946901655540421	0.9490727741798151	0.9467959906981527	0.9446286465300482	
17	0.9326841846783361	0.9350748338799338	0.9327999714262658	0.929029724556762	
18	0.9347297515766869	0.937560893831151	0.9358899358152131	0.9328519145711787	
19	0.9388145959343855	0.9407750218720415	0.9385977653326613	0.9361854271070228	
20	0.9311822918222395	0.9351836039496597	0.9316706361089484	0.9271846056208659	
1	0.9344512195121951	0.9417824030388277	0.936333872466218	0.9315962107594482	
2	0.9141621182074283	0.9221254747853157	0.9145300548228709	0.9094024572608721	
3	0.9251831160266389	0.9276215539392072	0.9255663676631349	0.9214673171387041	
4	0.9326680101610572	0.9341964754818926	0.9323817253706098	0.9277896996786763	
5	0.9372951633798472	0.9387711539454289	0.937044677922807	0.933882710049701	
6	0.940151101475769	0.9405194271020724	0.9409823059868817	0.9368027291140711	
7	0.9428267539165213	0.94629669509546	0.942678353382958	0.9408058362735275	
8	0.9464692693164172	0.9479414456525662	0.9462914178549462	0.9436940547486269	
9	0.9516369317944824	0.9527037009818053	0.9515285607658749	0.9492309696819815	
10	0.9559683602115812	0.9573597649521928	0.9568235958552046	0.9543931973458534	
11	0.9524626575385832	0.954782993005486	0.9521096089202629	0.9501590686549828	
12	0.9542707168509899	0.9550857547120247	0.9552606689636473	0.9523068210799216	
13	0.9499532932416291	0.9532801898334134	0.9506115421272736	0.9480151619894864	
14	0.9527633803038416	0.9550350944168456	0.9521727488939059	0.9501805312263777	
15	0.955106047154527	0.9578847458215786	0.9547292305494847	0.9530804315683803	
16	0.9536045062543301	0.9552558554670715	0.9534277883349932	0.9511969750875169	
17	0.9448897790071458	0.9498652623927741	0.9456831071124806	0.9421283052077483	
18	0.94692226209371	0.9498868085892863	0.9472171667037702	0.9449768260867413	
19	0.9407895629590716	0.9434646076084703	0.9415316438005689	0.9387548057473175	
20	0.9390056800862151	0.9384160529141864	0.937563626760527	0.9343103783872794	
1	0.958221268784153	0.965160113597491	0.9564223689385573	0.9559652076665767	
2	0.9402469649678709	0.9414101214941433	0.9393309758928359	0.9381430605882788	
3	0.9554714444269999	0.9567642775785402	0.9581909264469469	0.9556068692756775	
4	0.9436428570254883	0.943409745815722	0.9418404445051775	0.9401733210011551	
5	0.9476686205571194	0.9481811050172206	0.9461240546888845	0.9451216847387668	
6	0.9370042907234142	0.939097546037902	0.9376398264353663	0.9347623042816263	
7	0.9426267555542545	0.9439062121122783	0.9406995686531436	0.938090919474473	
8	0.9422924914559784	0.9443035533291567	0.9423734737972215	0.9393490215263665	
9	0.948389090776754	0.9493560097198872	0.9471489814844349	0.9451001468150572	
10	0.9488391007799694	0.949279390278946	0.9489285939168159	0.9467191079323051	
11	0.9537877880027215	0.9542175504096665	0.9520338337634545	0.9510125978298671	
12	0.9559098310020578	0.957396997413322	0.9540618512226469	0.9531361055209734	
13	0.9540998944138046	0.9554075839213358	0.9540315140558705	0.9522532531859126	
14	0.9465327408081274	0.9474591530092503	0.9474958553922299	0.9443347787685302	
15	0.9493586041729297	0.9502339673590311	0.9490777871443672	0.946640312304408	
16	0.9477664976536762	0.9488848584040452	0.9486284286323865	0.9455722528036681	
17	0.9482065827788484	0.9503389963742455	0.9460598981912085	0.9452873339270008	
18	0.9416224369031644	0.9447219342063075	0.9421319030790732	0.9397149673082613	
19	0.9470857978384866	0.9492380332721595	0.9476860061556843	0.9454410320572396	
20	0.9462034151056716	0.9481240539845421	0.9468153381230617	0.9442675355695002	
1	0.9975961538461539	0.9975517101034342	0.9977066755083996	0.997581842179128	
2	0.9943659855769231	0.9943288337608491	0.9940664692783818	0.9940606665494498	
3	0.9731091969373219	0.9746530352052126	0.9729587640958336	0.9720186235169352	
4	0.9782284989316239	0.973534595230688	0.9751517935725277	0.9733434698188074	
5	0.9635900640888219	0.9653295083096649	0.9647248822873061	0.9627562558756878	
6	0.9413303282341735	0.9437470853860316	0.9389998737312714	0.9376260176585185	
7	0.953760607624708	0.9555567530184811	0.9537787027973736	0.9510855593193436	
8	0.9513860980294591	0.9532020914777765	0.9515985391704747	0.9493851090317293	
9	0.9471227145988708	0.9484994335285636	0.9457853918471373	0.9443303604481638	
10	0.9468699832122913	0.9497993053421225	0.9454729860257911	0.9434687343900865	
11	0.9451814866602294	0.9484689687922064	0.9467458094760137	0.942971606735819	
12	0.9483947357680987	0.9490626092671107	0.9509210031910054	0.9467338767079595	
13	0.9466795076511324	0.950132925531858	0.9474915681329633	0.9450817987667631	
14	0.9419285124906355	0.9450618984653195	0.9431420576166116	0.9397543459405258	
15	0.9275759968559016	0.9341361655902671	0.9267934005439336	0.9241657993662226	
16	0.9334810120560919	0.936107554195494	0.9341738982145731	0.930864745333339	
17	0.9356124264406798	0.939401348733991	0.9365739727594926	0.9329909864626391	
18	0.9409589104570752	0.9424660952376104	0.9391713759917398	0.9373179155777165	
19	0.9388158325272334	0.9426088167252047	0.9396036942157062	0.9372443201758205	
20	0.941026980110314	0.9431384255109778	0.9402209509836682	0.9375624510205034	
1	0.9495701058201058	0.9517247214439296	0.9528786617086044	0.949677607807277	
1	0.9821544828869048	0.9833726738329949	0.9828219925938722	0.9824389597257936	
2	0.9880774244551651	0.9882353870459598	0.9881075958650152	0.987851207816286	
3	0.9765228908860694	0.9772189844287822	0.9771910145792341	0.9764647167658825	
4	0.9760109682236381	0.9772882030988794	0.9760701009891521	0.9754418926723118	
5	0.9713401162937586	0.9718723855700008	0.9722996017435526	0.9709519784232705	
6	0.954994164611826	0.9570050129934721	0.9549694458754808	0.9532907088215546	
7	0.9632432314083806	0.9639491077991108	0.9636132314548459	0.9618728548465605	
8	0.968825106953273	0.9704189065066726	0.9685093229949113	0.967781277471094	
9	0.9555763410273761	0.9561765095803614	0.9547830642676127	0.9533550093976157	
10	0.9604391428072114	0.9610919671378332	0.9606506015555267	0.9589234591710933	
11	0.9582980898993024	0.9593832312629516	0.9584111058193223	0.9570395236649994	
12	0.9542711138284167	0.9543322061747334	0.9539555124066298	0.9519784626513776	
13	0.9416381204758827	0.9433554077467086	0.9420896822059159	0.93974917269974	
14	0.9401092581119797	0.9411326927702989	0.9418190582837779	0.9390987072563085	
15	0.937047264508816	0.9383845766837616	0.9382405671561805	0.9353606802261649	
16	0.9417450276902855	0.9425437618974657	0.9423757726868387	0.9399408380743324	
17	0.941939560200539	0.9433157021246631	0.9419161764706546	0.9396591201640269	
18	0.9408536154955676	0.9421741603446905	0.940729136397159	0.9382183703084179	
19	0.943485182439364	0.9447330470886798	0.944325220735164	0.9418140787415682	
20	0.9435951022921488	0.9451446478017955	0.9444950180297432	0.942059516391029	
1	0.9921875	0.9938731390560659	0.9913727335466466	0.9923767657006229	
1	0.7901041666666667	0.8278370275250891	0.791039113487989	0.793647293239811	
1	0.9103708791208792	0.9160443614430189	0.9084113974655047	0.9066864385113222	
1	0.9821428571428571	0.9825047940517082	0.9823906747598432	0.982050267566431	
1	0.9822443181818182	0.9825536993464994	0.9821671665938798	0.9819254714913433	
1	0.9835648148148147	0.9857291704411452	0.9822158812763961	0.9826918384383607	
2	0.9752990221955244	0.9753000630056152	0.9736232287502794	0.973767103651908	
3	0.9679966726539857	0.9686445882905215	0.9685720229721982	0.9676257378427143	
4	0.9738089366443694	0.973965209449614	0.9739809580555078	0.9735203200389082	
1	0.9748883928571429	0.9757182008647352	0.9761527288741558	0.9752507740571559	
2	0.952139532674772	0.9534334941729843	0.9502098377446591	0.9476774263173038	
1	0.9901402683854607	0.9900194665980618	0.9899330294508334	0.9896712621593392	
1	0.9910714285714286	0.9929880769512106	0.9908123730098021	0.9915680154911654	
2	0.9842380745701058	0.984834244837902	0.9851029117116692	0.9846253412645446	
1	0.996875	0.9961780538302278	0.9967871299393039	0.9964026179392166	
1	0.9824418669336894	0.9828737875953037	0.983110329999422	0.9824355866686838	
1	0.9730654761904762	0.9756721064494175	0.9703586867293803	0.9715954136514552	
1	0.9835579128440367	0.9849254449254449	0.9853309957924263	0.9840881121544713	
2	0.9970982142857143	0.9967489177489179	0.9969357001693959	0.9967277167277168	
3	0.994998498252512	0.9953279458778691	0.9950261867865587	0.9950514577131115	
4	0.9954755051691729	0.9956018863758641	0.9949931963680901	0.9951674951962213	
5	0.9889111432537767	0.9894175869197246	0.9890778167414431	0.9889750906827516	
6	0.988353485065733	0.9888808754702167	0.9881425363298707	0.9879673212361365	
7	0.9846229004761966	0.9849998689269921	0.984970441799366	0.9842338404805772	
8	0.9774705715718535	0.978883435161364	0.9771111464062239	0.9769009552494392	
9	0.9695006343544006	0.9706674816639058	0.9693282703848998	0.9684982234305269	
10	0.9631576403300846	0.9647795699280801	0.9634110695566701	0.96168696121822	
11	0.957144431974175	0.9593695897586021	0.9578253898347125	0.9560363889124169	
12	0.9383956192263705	0.9403828462108493	0.9386828868187992	0.9359012025229942	
13	0.9520690738552609	0.9538444542540003	0.9519514367818913	0.9507483823780081	
14	0.9426323630801712	0.9409844621524693	0.9426100056974919	0.9389236704031924	
15	0.9472968252777684	0.9488795851890032	0.9470809845534073	0.9451739508800333	
16	0.9503625225741141	0.9516058647636774	0.9504691993520185	0.9485241602291514	
17	0.9462485804293979	0.9478438064490902	0.9455848295907264	0.9440611769237454	
18	0.9447524142546677	0.9462150588459389	0.944049798832729	0.9420252108933985	
19	0.9381916300036123	0.9388537308190034	0.9371624126264525	0.9340911346098523	
20	0.9329807709393008	0.9336700108145413	0.9310625316204539	0.9284580819974169	
1	0.9203125	0.9303021663129736	0.9180364222454994	0.9183423661821195	
2	0.9515820802005013	0.9515784291570705	0.9523266159164937	0.9503680923329894	
3	0.9375488417223615	0.9370280101749073	0.938099498787898	0.9355764809931421	
4	0.9284080778693057	0.9209990045205662	0.9278485039861588	0.9211848654626547	
5	0.9390310844382546	0.9350585653581025	0.939975338386749	0.932991587524268	
6	0.9451793641438999	0.9450234098375443	0.9456108399785267	0.9426210651552336	
7	0.947887576592278	0.9478362162368336	0.9468431455138762	0.9435216895173294	
8	0.9506836362964828	0.9491045117036665	0.9478178439836187	0.9452760426955346	
9	0.9447540735510866	0.9455913513296473	0.9440633937664688	0.9403856873820309	
10	0.944306919497207	0.9465027113804216	0.9424681464752002	0.9393473409300135	
11	0.9470478800784682	0.9466597724049556	0.9458561762090458	0.9417011096138478	
12	0.9367705946162767	0.9386115779697679	0.9368308532116464	0.9309325305627003	
13	0.9482004915133022	0.950988970513537	0.9490264629577447	0.9449416995985639	
14	0.9437558636476765	0.946371055946549	0.9428290163760542	0.9392954508598648	
15	0.9350900579016649	0.9346522326738476	0.9357980176556975	0.9294132436966085	
16	0.948704427079824	0.9508145813502564	0.9493139551027464	0.9449200872283102	
17	0.9484705672961352	0.9509926877007622	0.9484092523780835	0.9453310872349211	
18	0.9439253306919598	0.9470796711709196	0.9447206313175757	0.940545252074927	
19	0.9474739137964735	0.9500584820369986	0.9476214523055456	0.9444297511894243	
20	0.9450899002995724	0.9437866060500129	0.9408190555562508	0.9385307950498036	
1	0.7299107142857143	0.7395852212223117	0.7262129382641983	0.7262480374163816	
2	0.8645204175420169	0.8632650634433987	0.8632827401590706	0.8557082037127849	
3	0.8662236952295164	0.8737443990296931	0.8633955036362884	0.8622003513379521	
4	0.8755245531038269	0.8819044200378515	0.8734817821876317	0.8652252168888088	
5	0.9272784390549967	0.9240034916196146	0.9253031144904507	0.9226655735438607	
6	0.9325081206054122	0.931646225008492	0.928360379019589	0.9261320127753839	
7	0.9372544979718225	0.9369021057472384	0.9388756554793176	0.9354027869715003	
8	0.9392414360821159	0.9401527310079747	0.9406182906762968	0.937792676077269	
9	0.9482616086665914	0.948104755827566	0.9480276178755673	0.9457671765200987	
10	0.9432780892349785	0.9428081811240373	0.9427135361015321	0.9401489899102161	
11	0.9418706793122896	0.9422559162495738	0.9435376919523578	0.940450011021428	
12	0.9379390110208611	0.939386655657889	0.9386843794128558	0.9352520960639218	
13	0.9364259630647856	0.9369371313082565	0.9349236728171971	0.9323608122735662	
14	0.9275858500127184	0.9281306094717973	0.9266398506109453	0.9229052173028883	
15	0.9345558974213842	0.9364473272738597	0.934107681023055	0.9310209223952222	
16	0.9291392653062513	0.9296610811719896	0.9268767103255487	0.9234403482601683	
17	0.9278867288854885	0.9302488178478462	0.9286221739146596	0.9251037367698886	
18	0.934753298040528	0.9353816138550012	0.9340718584548671	0.9306650364081821	
19	0.9374220526876759	0.9371347997433032	0.9371704971133611	0.9335287182523088	
20	0.9413021308932439	0.9430697542372111	0.9416376151753536	0.9390682730809455	
1	0.9738469680123161	0.9770129184233585	0.9734332275466115	0.9739620871517953	
2	0.990405933277027	0.9906390781711873	0.9902176041571464	0.990126911006878	
3	0.9799427868283006	0.9786440416735411	0.9780608918595469	0.9778465355318054	
4	0.9776142713562364	0.978367097899673	0.9772890619254649	0.9769905062297533	
5	0.9736605918863319	0.9733353386056752	0.9741727067645375	0.9723526274569402	
6	0.9627206606311681	0.964870600131888	0.9652017041163655	0.963123440726774	
7	0.9618014347675414	0.9635323482347111	0.962154641726742	0.9602934899883335	
8	0.9629294336543479	0.9649184415918142	0.9639680199180924	0.9616095389689038	
9	0.9644695467916189	0.966574530519778	0.9649862947116967	0.9637031119625562	
10	0.9574810343243451	0.9569741360901048	0.9568593608656872	0.9548230618525722	
11	0.9561370853811326	0.9572046199983855	0.9580513712544879	0.9551116316255812	
12	0.953280134688586	0.953752836152051	0.952200441489481	0.9502776117067268	
13	0.9543768345163506	0.9543723883117413	0.9529967467083211	0.9507987668458675	
14	0.9521460822421907	0.9517949918284652	0.9498041562443454	0.9465552881838446	
15	0.9532695489391845	0.9544663923748112	0.9548351054436487	0.9517348672468015	
16	0.9513257751004127	0.952495798496885	0.9527208617944867	0.9499225227915302	
17	0.9498609133712476	0.951247061224391	0.9507290924223982	0.947599298866205	
18	0.944092871567952	0.9438651283830409	0.9421658371784021	0.9391582885418721	
19	0.9465571824140938	0.9488346435532783	0.9470620884961539	0.9441820630216013	
20	0.9499429860956162	0.9506795039913529	0.9491499845912571	0.9466678773108501	
1	0.9890625	0.990227831610438	0.9889415987588401	0.9893197143080601	
2	0.99140625	0.9900739928478739	0.9904192506567506	0.9900260539339923	
3	0.9651437762605042	0.9657501998192028	0.9662390010473576	0.9641285172840677	
4	0.9614261915703781	0.9636784630055937	0.96160562667822	0.9601067919552568	
5	0.9659712825842954	0.9658628084512355	0.9654762303791544	0.9640636011537993	
6	0.9632609423653289	0.9612521971923269	0.9614843137490943	0.9598913020869655	
7	0.9634406397341906	0.9641933149758241	0.9630701805583001	0.9618064456442225	
8	0.9669886185582259	0.9690188433694513	0.9674270986098163	0.9663387244082691	
9	0.9697080809403906	0.9687295883801078	0.970210343652229	0.9681901138716338	
10	0.9628076400899678	0.9644384065474453	0.9634398247150987	0.9613801529551832	
11	0.9525402171246842	0.9528729639377552	0.9509476792650392	0.9495588360084923	
12	0.9459438852209979	0.9469034057247008	0.9445824014028097	0.9433052467763466	
13	0.9405233015830153	0.9378941742205756	0.9359143329229453	0.9342315850811773	
14	0.94761352516056	0.9490313148903612	0.9475652535644379	0.9463402335008259	
15	0.9409919540573911	0.9427472382769134	0.9398247134811429	0.9372732566284244	
16	0.9332793719208002	0.9400528417312559	0.9336785976880607	0.9302096519787566	
17	0.9305435754123057	0.934925405274213	0.9299455633717374	0.926304912116321	
18	0.919776544395372	0.9270900914996703	0.9200992080021092	0.9148823647911443	
19	0.9183528903188353	0.9301459396420209	0.9164089182949791	0.9111158608352344	
20	0.9184155623664065	0.9310604846612426	0.9172299681711195	0.9142110007870204	
1	0.9506453804347826	0.9586802487627816	0.9501578661727301	0.9498707588417595	
2	0.9347312716156126	0.9380822950607506	0.9350090566008943	0.9326073313201652	
3	0.935834936123659	0.9400617492426727	0.9388482986764415	0.9355152107084316	
4	0.9402198275723783	0.9414854523706355	0.9393324059672357	0.9377242001202887	
5	0.9442952877162364	0.9458506429433626	0.9435143400954094	0.9421658113029892	
6	0.9494523560215722	0.9513701163015926	0.9493054607918272	0.946956880022272	
7	0.9544273767989845	0.9533205855178656	0.9505160869658518	0.9497285297701109	
8	0.9516205003772167	0.9532081640002273	0.9527183877109808	0.9500132794178664	
9	0.957547259838988	0.9579781040269469	0.9575232407143223	0.9556996496293304	
10	0.9546650467663383	0.9531286563914015	0.9524666598612521	0.9507599966857049	
11	0.95350746939572	0.9514825596079757	0.9524067729919835	0.9495233562965946	
12	0.9462079525538069	0.9476637464324066	0.9463455854586527	0.9427233631047174	
13	0.9505495284617955	0.9503480531171349	0.9482086529576339	0.9460621337349793	
14	0.9468457729081008	0.9471049371880584	0.9446444232194681	0.9425890419301116	
15	0.9524717774351061	0.9534532903191305	0.9511556948100083	0.9492556799800216	
16	0.9482277246989335	0.9499953344805268	0.9483981960542796	0.9459629128519794	
17	0.9415606709138755	0.9454527633963918	0.9429872494954776	0.9394260103640185	
18	0.9484472937245955	0.9484823595093642	0.9472425330247451	0.9449896886350998	
19	0.9406918031808623	0.943703075337934	0.9415028321417482	0.9379738620967333	
20	0.9506902160365991	0.9523549256585028	0.9499322593213277	0.9479982719621916	
1	0.9898897058823529	0.9894003318853394	0.9897348484848484	0.9892370346670458	
2	0.9669304220085471	0.9699068914441381	0.9668541754190355	0.9652165210341792	
3	0.9675017008861828	0.9685606422128945	0.968810048136084	0.9662256581023634	
4	0.9650588542040748	0.9658039702643457	0.9649180218699908	0.9632563107170871	
5	0.9669592245470549	0.9666589140356052	0.9674437189524632	0.9653724074791505	
6	0.9688862793279686	0.9699419738269285	0.9693313132958207	0.9680802291088336	
7	0.9515391008917679	0.9534740520193651	0.9526236411103947	0.9505436850252946	
8	0.9640463425140833	0.9646710754965525	0.9649158678973768	0.9625238401522366	
9	0.9572249279182407	0.9590179635822772	0.9587831143727333	0.956521668891664	
10	0.958646217731671	0.960195805121933	0.9582763703279233	0.956712561918496	
11	0.9581843286053257	0.9597392275179921	0.9588632822573931	0.9557393747834978	
12	0.9557854944564851	0.9568234198122024	0.9559230803498328	0.9536030075477121	
13	0.9569402933181863	0.9578708897202379	0.9573931982870844	0.9550689210146118	
14	0.9574968059340182	0.9574109157238102	0.9557294612427718	0.953934594536402	
15	0.9486073667928407	0.9506045030967984	0.9480305863369274	0.9450359550174218	
16	0.9505877714666342	0.9527710149537327	0.9506127252589662	0.9475688483811394	
17	0.947518359491109	0.9499885419688446	0.9479477564201088	0.9453114718260633	
18	0.9344710707303323	0.9400652837260487	0.9345340048394115	0.9297576469285368	
19	0.9443512971851622	0.946508733458908	0.9426539920757169	0.9394432146036162	
20	0.9487281801446803	0.9513522591504792	0.9494427498511129	0.9467491276020134	
1	0.996875	0.9960000000000001	0.9972873563218391	0.996568997461058	
2	0.9837094907407407	0.984125458362481	0.9843528850778851	0.9837805451645025	
3	0.9739851226616937	0.9740787259603025	0.9745594337034497	0.9725461705754742	
4	0.9130443347282906	0.9213110630004311	0.9140509894680329	0.9091760117511305	
5	0.9348901754434431	0.9385965012608695	0.9358705470513117	0.9323337058925374	
6	0.8936682199260136	0.8920889925349984	0.8889617862633842	0.8813133214601265	
7	0.9175893174290948	0.921171939030235	0.9184380779533455	0.9141218615785872	
8	0.9234896400908854	0.9249480008884543	0.924854132926298	0.9199457019047677	
9	0.9132446170161342	0.9173726229789145	0.9147396916388604	0.9078909229801414	
10	0.919792957250745	0.9205986424088042	0.9176295786619558	0.9126352428319136	
11	0.9164968376369789	0.9217160751353103	0.9173782437500532	0.912526143738047	
12	0.9228200158886644	0.9273773230694992	0.9227701446916896	0.9180470834944675	
13	0.9215703550206931	0.926552594614106	0.9212865804635596	0.916693123605918	
14	0.9209994299140443	0.9251651506101961	0.9217077674092933	0.9164909945125961	
15	0.9259209037843603	0.9321101645185769	0.9264408278472184	0.9224338516508758	
16	0.9302027573296774	0.9331482064158383	0.9323277768934471	0.9270965718813385	
17	0.924677387231891	0.9273196674729516	0.9233032450984604	0.9185812941363929	
18	0.9238225533764024	0.9273177123530103	0.9253307086832737	0.9201247078342991	
19	0.923541796955729	0.9275439842550427	0.9245731588277906	0.9196922167196508	
20	0.9284926695901635	0.930032153508748	0.9305192350458616	0.9257432517492428	
1	0.9412532216494846	0.942210889060964	0.9472851900670414	0.9396513531497195	
2	0.9637334315169367	0.9669787259810503	0.9652230401782126	0.9625736978704491	
3	0.9636433020373097	0.9656088068210785	0.9624956875545969	0.9609472377097008	
4	0.9624646193851253	0.9632987242947155	0.9610600280010743	0.9594044943624651	
5	0.9625446349220457	0.9637479522866255	0.9628626080357016	0.9608245830376807	
6	0.9608466540615922	0.963464932066326	0.9615714709799276	0.9602901516885719	
7	0.9646257981808889	0.965451615205078	0.9653532567584321	0.9638595343862654	
8	0.9649227247499395	0.9660699935492849	0.9650191359942544	0.9638267807181187	
9	0.9649436126767266	0.966302941574818	0.9638327993175895	0.9629314430108986	
10	0.9450363349781655	0.9441495624559216	0.9440776344423039	0.9409337857405908	
11	0.9448160743300505	0.9452445320839559	0.9446851254475116	0.942232391836784	
12	0.9459069725301957	0.9465064585278121	0.945813586842025	0.9444276014354503	
13	0.94423191147527	0.9453824381870165	0.9441858419196802	0.9423637234551111	
14	0.9384704260132395	0.9428038135388902	0.9377676510831109	0.93477193124956	
15	0.9485432747047973	0.9484614032104214	0.9487298676730327	0.9462541561757923	
16	0.9371340910426584	0.9410855079505246	0.9375011728229566	0.9332503348963871	
17	0.9423914249110696	0.9435732653374311	0.9420551972394369	0.9397488875119177	
18	0.9424808421355316	0.9445164722088708	0.9422351685618143	0.9395808295356763	
19	0.9408731357962774	0.9418056876765026	0.9403449564590048	0.9377906430145085	
20	0.942626409389461	0.9443205367284188	0.9432354392267154	0.9410598393854439	
1	0.9296875	0.9316351937184191	0.9297432072985091	0.9270619463387508	
2	0.9352665993613825	0.935253469864911	0.935629727406716	0.933426530963464	
3	0.9601177059854745	0.9601256116173338	0.9601113490073486	0.9584629581880036	
4	0.9416728624050421	0.9435744236008531	0.9411380827626304	0.9381054381035211	
5	0.9450961364709224	0.9438152184308871	0.9421707984826574	0.9385474539402759	
6	0.9494899196829722	0.9466370442158105	0.9434001013320378	0.9414995801751664	
7	0.958910906532437	0.9608855197804024	0.955929769315674	0.9556268519725782	
8	0.9538336376761344	0.9556229852065765	0.9539479555671957	0.9517950860028401	
9	0.94503473444328	0.9470790832910906	0.9449990493608856	0.9416558216806489	
10	0.9447008321506182	0.9478590989426838	0.9457673929246958	0.9426414883322032	
11	0.9556562714469717	0.9574907578354427	0.9545579782868678	0.9523560253858944	
12	0.95748669741167	0.9612588772808229	0.9586118389354475	0.9556582984654586	
13	0.9453205976303883	0.9489690497028125	0.9459667240517893	0.9409482412014305	
14	0.9409583635297085	0.9393383446008651	0.9384243372420956	0.9351466191300623	
15	0.9309820476518946	0.9346965242187323	0.9311038741988628	0.924751352196105	
16	0.9285660530264158	0.9283600541375487	0.927454721050539	0.9202651105291861	
17	0.9313776713026365	0.9353647424701187	0.9320073129730609	0.9274768008268711	
18	0.9444555355276921	0.945684967535579	0.9435110742671156	0.9413115614022125	
19	0.9447269358169293	0.9478318944342161	0.9445313670227434	0.9420070292804565	
20	0.9466048379888313	0.9484239395169766	0.9454989204615097	0.9436006232561649	
1	0.8898743872549019	0.8864631710471893	0.8852639446575276	0.8834693475822585	
2	0.912458646075374	0.9125232974676125	0.9132133999866964	0.9103746701000358	
3	0.937647015567396	0.939278370733588	0.9375622946535485	0.9358448689946989	
4	0.9075317613254585	0.9073788305381228	0.9075926345199011	0.9036720037452028	
5	0.9108322432716521	0.915531538173721	0.9143181973871677	0.9108494155724587	
6	0.9226066044711643	0.9259322638639998	0.9216042221701964	0.9195576071120691	
7	0.9236213183432515	0.9228866231835904	0.9218706167663414	0.9184457442432192	
8	0.9323304340732649	0.9347482472847456	0.9344399247808353	0.9309555888575489	
9	0.940015402020877	0.9390356501166808	0.9385097900139223	0.9359921853541862	
10	0.9183934001905477	0.9163833634305052	0.9195587543524215	0.9096308642457757	
11	0.9391438380380337	0.9396349072889841	0.9391106823446376	0.9365057442029786	
12	0.9361228979453395	0.9359785291738846	0.93634511458546	0.9322253890655358	
13	0.92845893723107	0.9275907511683228	0.9280357107668725	0.9208967275601606	
14	0.929871026541041	0.9271834744093479	0.9271348681567941	0.9203876925458602	
15	0.9258836739730089	0.926111858026898	0.9240955706727798	0.9177513098378974	
16	0.9262724613347657	0.9234938754455494	0.9235719671449232	0.9167676577032668	
17	0.925212262751468	0.9259857278297591	0.9261988116977685	0.919192726900662	
18	0.9310345657307489	0.9296577354559761	0.9298740984084952	0.9239457891712642	
19	0.933055304161974	0.9304902345058138	0.9317225139897903	0.925119634837287	
20	0.9338977367106092	0.9354654124462563	0.9351228087078924	0.9285027853306198	
1	0.9984375	0.9987096774193549	0.9980952380952381	0.9983686525389844	
2	0.9899849089017778	0.9906943082427806	0.9899870786826468	0.9901124071506817	
3	0.9850628389311642	0.9852338456953857	0.9857480856894334	0.9850146686519361	
4	0.9800116931063472	0.9801966643692217	0.9802261616528088	0.9795905965048205	
5	0.9631583165297272	0.9627270817630883	0.9637188220164623	0.9620493810527382	
6	0.958689336845378	0.9580950985944056	0.9577378522638802	0.9565890384249639	
7	0.9572025330710089	0.9546295575535251	0.9572405792827857	0.9546324777766236	
8	0.9577039072342055	0.9581967439972641	0.9583640039794483	0.9568094489925087	
9	0.9519687100002261	0.9509664949544288	0.9527999900826699	0.9494309356439309	
10	0.923371902356011	0.9278951258445212	0.9240538593786016	0.9189068248869041	
11	0.9356313566030984	0.9378226214864083	0.9367588644862098	0.9321493029796155	
12	0.938816688729669	0.9413887921077332	0.9390429849549001	0.9363032417490035	
13	0.9405986623376553	0.9402937534601615	0.9384918774937753	0.9355111510229279	
14	0.9319816020684467	0.9353312687276504	0.9354109551482723	0.9305382494566086	
15	0.9270706394947468	0.933495748644784	0.9287182607333702	0.9228809921207451	
16	0.9317190919330549	0.9350420650603257	0.9302661470097322	0.9254704492403283	
17	0.9347597988776131	0.9379176368709983	0.935283815638376	0.9305776080389848	
18	0.9327510275810305	0.9336178913004899	0.9330720978972185	0.9280875769058967	
19	0.9304078232925521	0.9342765887022414	0.9305341700740681	0.9248766395445491	
20	0.9219796162081331	0.92806390833917	0.9223683290036316	0.9162597797374804	
1	0.981198489010989	0.9737332575258842	0.9727796397151236	0.9668080275408998	
2	0.9516927083333333	0.9498120898871771	0.9512181418653263	0.948791036665795	
3	0.9526427999084248	0.9475419769008985	0.9432720101928105	0.9432427038900135	
4	0.9626650855654761	0.9637775444729403	0.9642529069673137	0.9627458524594866	
5	0.9496943616279554	0.9491620915296698	0.9492925432273689	0.9465149696218191	
6	0.9553050248362749	0.9532585830995434	0.9523748417368697	0.9499568468723081	
7	0.9585671218258252	0.9595229111917706	0.9595276202838888	0.9572514518483095	
8	0.9653149527136093	0.9661628957178972	0.9649068386858939	0.9635138449769634	
9	0.9469107119197027	0.9510265001752091	0.946722608463382	0.9447733297617545	
10	0.9428253768329302	0.9452370733921971	0.9439375474559375	0.9418864675541302	
11	0.9297024175005396	0.9323539909003178	0.9309554745993374	0.9275310978456729	
12	0.9297422364545511	0.9357320424710897	0.9279176952773347	0.9254344059761878	
13	0.9378531974500858	0.9417255417043114	0.9388057903216496	0.935841049872714	
14	0.943551824784833	0.9454860098350938	0.9442291334430705	0.9416781375181539	
15	0.9385649793943425	0.9416251980172813	0.9398998998195888	0.9364198039701841	
16	0.9463758425852471	0.948607532103253	0.9455938821682637	0.9439295553389762	
17	0.9443734374150881	0.9468028031823363	0.9445076600519035	0.9422839678963247	
18	0.9440280655858894	0.9456126472382075	0.9435411509160682	0.9414837726573805	
19	0.9415621435350348	0.9433757848277686	0.9426226234232269	0.9395164050471857	
20	0.9367551195753894	0.9406579166419778	0.9362202774172499	0.9316337272887469	
1	1.0	1.0	1.0	1.0	
2	0.9857204861111111	0.984361312780728	0.9842563493235119	0.984013816665585	
3	0.9792736391694725	0.9798861832941017	0.978708817907588	0.9786797208361061	
4	0.9740803214436027	0.9736143293010024	0.9736069756708016	0.9724118930373142	
5	0.9663787803631554	0.9658007162882114	0.967328440128296	0.9640549113962233	
6	0.9455235834501279	0.9448153606529569	0.9444992657197354	0.9399309928747613	
7	0.936165910179034	0.9421176708962833	0.9354124274733371	0.9328139646996407	
8	0.9234613719728302	0.9215563199542611	0.9176196502259346	0.9138199589891414	
9	0.9316032020305103	0.935657271507435	0.9324813514506827	0.9258397203866254	
10	0.931734683939071	0.9306341428791688	0.9278642443100796	0.9244930292175679	
11	0.936561384031961	0.9394608686452064	0.9381803467651675	0.934085183614113	
12	0.9446466895466007	0.9456619364968756	0.9427515123452846	0.941343823411796	
13	0.9364767991454601	0.9345959432103329	0.9330874803573663	0.9300864074045226	
14	0.943589628163745	0.9452395865374553	0.9457041234254572	0.9421688036820989	
15	0.933337804580064	0.9329348743057692	0.9322716931208314	0.927017627639943	
16	0.9247498666542062	0.9249914200011884	0.9246647793614248	0.9191198608385964	
17	0.9368836641442543	0.9354617394171203	0.9357440250847285	0.9321563388669114	
18	0.9401092567786292	0.9414097577830337	0.9399326136002263	0.9370935304839958	
19	0.9402124370456492	0.9410822541571675	0.9405069418836721	0.9375430727136944	
20	0.9368202713741699	0.9352625618506611	0.9355624755041465	0.9324707723858339	
1	0.9639934098639455	0.967930624131373	0.9641254192483213	0.9628315264981986	
2	0.9668661261853225	0.9677524661848469	0.9691174310814714	0.9663916415357623	
3	0.9695449030447262	0.9710719749946154	0.9697273805957994	0.9687457366188464	
4	0.9699788544743922	0.9710466368257407	0.9712788137597105	0.9695045735505323	
5	0.9700946141962014	0.9711867968568934	0.9698590809651829	0.9688326989389704	
6	0.9771533687387559	0.9778644999450595	0.9775100938143151	0.9767220223974583	
7	0.9588499275475071	0.9605041172484448	0.9614185969936743	0.9580025314141122	
8	0.9659287065791469	0.9658166886719357	0.9645317749702008	0.9627675663003386	
9	0.9661753393175688	0.9672834076323323	0.9660483444610257	0.9639442304482494	
10	0.9635712655973634	0.9642264257715898	0.9630399460604806	0.9606779678758401	
11	0.9678272023256852	0.9684254133900745	0.967794361782151	0.966319444664432	
12	0.9572100040011874	0.959026418420078	0.9559968650038151	0.9544239828068158	
13	0.9503692466419035	0.9521064693731455	0.9510338326544756	0.94840394785807	
14	0.9413618465371894	0.9443092048248853	0.9414075992643474	0.9382883739532188	
15	0.9465224616912781	0.9475010448866483	0.9461126752432932	0.9431411197390295	
16	0.9468526214970104	0.9487607065703371	0.9469435593491311	0.9440755260495144	
17	0.9444340898822873	0.9462063125165888	0.9447038723536354	0.9413195675711964	
18	0.9468837289529412	0.9470368034849656	0.9457711437702672	0.9430363168374676	
19	0.9499064002443967	0.9513317026799616	0.9492149015967153	0.9472897548943506	
20	0.949864187584547	0.9497421900231254	0.949195380031659	0.9462339326561067	
