1	0.9691787347560976	0.9715448782571174	0.9671190856561165	0.9681264699029172	
2	0.9829181410559651	0.9832228742151894	0.9824697715500067	0.9823176329282426	
3	0.982100039054409	0.9826904336688735	0.9826068954345466	0.9822278692970153	
4	0.9804130484129627	0.9811440641076612	0.9800368657986788	0.9797119445301696	
5	0.979637659960399	0.9799707758731111	0.9801133731083611	0.9791573328893142	
6	0.9786878139760512	0.9795079321183565	0.9779824641359317	0.977945364475203	
7	0.9614098502485777	0.9642770682245988	0.9615344751780527	0.960210535732526	
8	0.9461467709858463	0.9481000664328432	0.9461750229847873	0.9442723869749581	
9	0.9516974399908507	0.9528452908390024	0.9515398044516663	0.9495992806925783	
10	0.9491146941637467	0.9510764975341001	0.9492163579377964	0.9470900810807054	
11	0.9525597290667147	0.953550370622769	0.9527615020951575	0.9508505604052883	
12	0.9498498767398732	0.9496838631293384	0.9498755037817909	0.947300407371131	
13	0.9529007283104681	0.9542287698491326	0.9525827736141079	0.9506905559015126	
14	0.9315728424162316	0.9325916910285847	0.9317560574656307	0.9282997772933391	
15	0.9248957567327803	0.926368183845472	0.9252840758413134	0.9217417219834759	
16	0.9350449192063879	0.9374186636634951	0.9348307842189421	0.9324470198004342	
17	0.9365266402480664	0.937383327592556	0.9358808572706148	0.9335050670867658	
18	0.936250052874618	0.9372733505595048	0.9360941299373865	0.9331799222431284	
19	0.9315494905812286	0.9335336177692151	0.9320700271802626	0.9290044744312502	
20	0.9317013466326023	0.9313302771379833	0.9314824680178546	0.9279250429664356	
1	0.9819711538461539	0.9821473537134948	0.9814645221818091	0.9810508706383361	
2	0.9524501106532357	0.9530504068988224	0.9519980882600156	0.9512840780904953	
3	0.9525768684896975	0.9529822421973929	0.9528421227593196	0.9513109407682568	
4	0.9418984147705365	0.9447749727649506	0.9411906487112358	0.9403957618455381	
5	0.941684447451306	0.9441950321613396	0.940367740762747	0.9390455132237993	
6	0.9421633831149662	0.9431133546790754	0.9429960688863265	0.9399046984474403	
7	0.9233417953945436	0.9234029351097955	0.923403351062694	0.9190730133874252	
8	0.9256422449001402	0.9267630750705055	0.927199818978407	0.9222738855016968	
9	0.9315303605919962	0.9341349374328397	0.9326035433987278	0.9284708656678882	
10	0.9239694536894969	0.9228091961551013	0.923513171397547	0.9182569391059883	
11	0.9304806408786785	0.9290908709702546	0.9296372062598972	0.9249480348845893	
12	0.9367126297159573	0.9358552628114079	0.9368032138215857	0.9324890252876884	
13	0.9340055621294822	0.934734378375507	0.9336845322069667	0.9290295039343298	
14	0.9320008738445839	0.9333894307490437	0.9326891607480071	0.9285784160614818	
15	0.9374004013668938	0.9415138151904255	0.9383674669881525	0.9347191347419871	
16	0.9417678652617547	0.9432312004795638	0.9409582744153192	0.9376861116274403	
17	0.9402616643486641	0.9420038616686168	0.9388082585976337	0.9363274040396868	
18	0.9428883638457578	0.944014495066756	0.9434103609411459	0.939792964540222	
19	0.9415658174966917	0.9422399045572897	0.9420512063965351	0.9389660826910413	
20	0.9425181320928543	0.9426333826589299	0.9409411469141225	0.9376042557740467	
1	0.9564118122977346	0.9555097376843182	0.9550783866648752	0.9542888206853097	
2	0.979489328093697	0.980762021537533	0.9807144905697255	0.9804213156120114	
3	0.957675354412887	0.9594682549586828	0.9583495252926126	0.9576747046432823	
4	0.9462092888653111	0.954785410385649	0.9469367288832806	0.9457407466544898	
5	0.9538578710872054	0.9563098952229326	0.9518158748000985	0.9509814561648533	
6	0.9600231910788869	0.9619026860377503	0.9601914462833682	0.9595466728975977	
7	0.9525944420595568	0.9515459873979898	0.9536511288237436	0.9506392184965461	
8	0.9531099937390402	0.953167985694316	0.9534926646910296	0.9516904498533918	
9	0.9557645380427705	0.9560601078973531	0.9545821760179837	0.9536760422956608	
10	0.9414285926885748	0.9429262690518664	0.942605836191053	0.939664109671672	
11	0.9428831476292387	0.9449580573950793	0.9430630838924873	0.9408457188823282	
12	0.9478195082433762	0.9478365234377549	0.9465724548558176	0.9443178469761023	
13	0.9462845984701622	0.9471353194181072	0.9475471909653179	0.9444251544206812	
14	0.9419459873131087	0.9446109010727589	0.9426264214073194	0.9399120451239767	
15	0.9354075537271972	0.9392176136587901	0.9351219324024049	0.9321646373229119	
16	0.9438547901996515	0.9446186056710555	0.9429814935451688	0.9409104670052912	
17	0.9439884282239395	0.9442801111263653	0.9436079697676123	0.9408203891699323	
18	0.9463510667664187	0.9469505571644523	0.947130013368848	0.9436324034994191	
19	0.9439641978764749	0.9455220578577844	0.9446411699978813	0.9416259326463695	
20	0.9448140200994226	0.9462241787880534	0.9448835466419261	0.9420273226651702	
1	0.9876453488372093	0.9860815888352121	0.9886111931847935	0.9868858204326257	
2	0.9861103346750149	0.9857883757612365	0.9854245733242684	0.9853089833141645	
3	0.9750253938552671	0.9746686842061784	0.9745785375574685	0.9735828092741406	
4	0.95930792251367	0.9639020582840087	0.9626549145909832	0.960432418734017	
5	0.9685033887856879	0.970020268983607	0.9670236314874993	0.9667961691182392	
6	0.9525506849375511	0.9518802707366071	0.9527108695514913	0.9497578976075207	
7	0.948906918714591	0.9492051050013794	0.9477629242965521	0.9455039688527903	
8	0.9399020992356522	0.9415213804227772	0.9414032154885545	0.938065972854546	
9	0.9228475886793852	0.9247249207482812	0.9240870829501685	0.9196612776541065	
10	0.9315757769288222	0.9309033240821508	0.9316838557166947	0.9275856641424056	
11	0.9323858974287854	0.9317335520031974	0.930533325956576	0.9277930077240396	
12	0.9369007233757297	0.9374324531372289	0.9378964699341359	0.9348782020506974	
13	0.9350065894348372	0.935750430506812	0.9361591802097483	0.9325107144890404	
14	0.932417152330462	0.9331983529578498	0.9324471121848326	0.9295876472781638	
15	0.9342311571276196	0.934600406966404	0.9340267721995319	0.9310255447289097	
16	0.9393200458408254	0.9382316466517646	0.9359408422139107	0.934275091202452	
17	0.9419026204865814	0.9420054327889079	0.9400605656470016	0.9381561437938337	
18	0.9440626558889547	0.9436293591907481	0.9434026956881831	0.9410124540385871	
19	0.9324159369249485	0.9331365282604677	0.9316295280356959	0.9256962858171165	
20	0.9359951593260478	0.9378211578700363	0.9349314547262757	0.9297195264108558	
1	0.891655585106383	0.8962380395023425	0.8826839859013772	0.8852869356663031	
2	0.8842451379654255	0.8839631642476509	0.8857317445474246	0.8822398852635038	
3	0.9085878832916144	0.908512677891197	0.9081477335903344	0.9035468622390522	
4	0.9183169172150847	0.919668234481567	0.9171618320111321	0.9144822352243713	
5	0.9134585939146949	0.9151819918007321	0.9148597284663668	0.908219663524433	
6	0.9283488879677536	0.9293928386377489	0.9257797737407835	0.9224197943895635	
7	0.9292051055181263	0.9297455419137501	0.9297753937882237	0.9258503822860531	
8	0.939265881073494	0.9395204865810278	0.9388747713852222	0.9360574465113924	
9	0.9385059884565715	0.9382810870265119	0.9383576177582914	0.9353758573287588	
10	0.9384304765795081	0.9378572911617026	0.9397039868082576	0.9352998627996663	
11	0.947713724029798	0.9470672239657159	0.9472360845903907	0.9441144784576765	
12	0.9426400045468304	0.942392508431269	0.9434786131300755	0.9402190666717325	
13	0.9458878745710767	0.9463538476444614	0.9453721392646859	0.9435339956890606	
14	0.943968531065684	0.9438613197657636	0.9440072266438052	0.9421054089230915	
15	0.9387392108434495	0.9386202427364122	0.9382899230422532	0.9350039517054789	
16	0.9432304785126686	0.9425738485186268	0.9427510177784098	0.9402534048244613	
17	0.939373283163482	0.940731345194443	0.9397100686130615	0.9367316669318861	
18	0.9462489313035211	0.946626240253529	0.9461438916705155	0.9435634638301633	
19	0.9411118308971539	0.9429131895293732	0.9422799355497319	0.9393650052083684	
20	0.9384760746866551	0.9403569783328924	0.9385408483994813	0.9352069130314706	
1	0.9300094436813187	0.9344413328744308	0.9302975634185282	0.9238209440333336	
2	0.9463453101316786	0.951495871726542	0.9435709265142165	0.9405056082861236	
3	0.9402386528817929	0.9416261872447075	0.9391220757661142	0.9352939772347263	
4	0.9451417580467816	0.9451026798513062	0.9449559823170526	0.9416883226327757	
5	0.953699769667517	0.9547374994708955	0.9525654712054372	0.9502361204502743	
6	0.9627985094492507	0.96360911013948	0.9614583767961352	0.9593667701182543	
7	0.9648943407878372	0.9657226887150071	0.9650916126022627	0.9627942072904236	
8	0.9590093430452505	0.959846616110545	0.9588792337548259	0.9566325646054895	
9	0.9527072785689761	0.9514918554355982	0.9540956024219073	0.9505574547436848	
10	0.9467861028850711	0.947170709947381	0.9468651919008089	0.9439658797383521	
11	0.9499240225564488	0.950754598233927	0.9510310063590451	0.9479287214869767	
12	0.9468087059722142	0.9462635634451301	0.9472555489050672	0.943977504384128	
13	0.9306403793218828	0.9352954748007234	0.9303110861264099	0.9254478457698847	
14	0.9356862404212635	0.9357246906487572	0.9348164835529601	0.931949442384873	
15	0.9324620533894195	0.932650680002529	0.9317840020863588	0.9284277506851152	
16	0.9302603384161335	0.9305904350215554	0.9298737910292784	0.9269571391782563	
17	0.9254212945034643	0.9270430571344124	0.9255811130753768	0.9219967224187642	
18	0.9343977134427893	0.9366660949304474	0.9343247995758726	0.9314034586319556	
19	0.9353966852483181	0.9372771781338457	0.9373608204357498	0.9336602926311779	
20	0.937434200540392	0.9400164261010401	0.9369275208512688	0.9347150765963196	
1	0.9845833333333333	0.9857254100222616	0.9855572014192705	0.9850108964762359	
2	0.9810416666666666	0.9812613800383976	0.9805397049047965	0.9804582309996865	
3	0.9788151041666667	0.979694911601539	0.9776355863088638	0.9774107837703349	
4	0.9785481770833333	0.9794251903816287	0.9778264378974273	0.9770381809597484	
5	0.9641489762931034	0.9675695421871827	0.9637573930955465	0.9622992920468192	
6	0.9607826718151342	0.9631198495563439	0.9611810235159078	0.9583816388717593	
7	0.9550632923692769	0.9579602743046084	0.9563186669918107	0.9525938692282551	
8	0.9426297902208622	0.9469262376927704	0.9411591290290511	0.9380073095143863	
9	0.9450929884644474	0.9491703559110688	0.9454819459737528	0.9417920380084285	
10	0.9444959121872738	0.9481700539024779	0.9447751520874492	0.9405474178763397	
11	0.9428466843522139	0.9458051701971658	0.9435008193284287	0.9385987700622711	
12	0.9412224199880335	0.9454880473613091	0.9390248881747252	0.9362394662859304	
13	0.9339142729373223	0.93719419456419	0.9351124220110992	0.9282119439596859	
14	0.9403871356309501	0.9449055873220501	0.9396066090024401	0.9363381323737592	
15	0.9455149923697866	0.9488777058507186	0.944365858431257	0.9411591531668239	
16	0.9449632041371321	0.9482407133340307	0.9449743748918287	0.9404807159910974	
17	0.9401263347772658	0.9443283950360692	0.9405470007703093	0.9363507258893149	
18	0.9426447668818925	0.9455393375700952	0.9416731692526924	0.937958801685687	
19	0.9373372310659274	0.941619266122834	0.9364369764913639	0.9325429956829204	
20	0.9408322677878338	0.943462385498351	0.9408874479422952	0.936088403436971	
1	0.9641682330827067	0.9647083696351413	0.9651192367391388	0.9638345075840037	
2	0.9542712879922264	0.9575165133019048	0.9547685909402457	0.953820187803456	
3	0.9644451269858969	0.9637882045039339	0.9660332404765651	0.9639473424125519	
4	0.960531699858769	0.9617320865047477	0.9620938202196976	0.9603547321024442	
5	0.9381683024383294	0.9415248352884191	0.9388854874519137	0.9381550964758034	
6	0.9368965130154322	0.9373597367162994	0.9355243657743836	0.9341114241920329	
7	0.9333989493792788	0.9360236771132302	0.9354085356058135	0.932937860270635	
8	0.9399733794560292	0.9428272449447701	0.9411115040309507	0.9390417718381616	
9	0.9217595503049056	0.9232472291402772	0.9222331373126694	0.9198466424037579	
10	0.9307142176738614	0.9303170085115824	0.9318191037040497	0.9282209842980583	
11	0.9316348504596096	0.9316956907332924	0.9327247690963841	0.9297123879492672	
12	0.9399108866544021	0.9412220130661758	0.9417931802097175	0.9390215183035561	
13	0.93505949751784	0.9352475179557623	0.9348699109916303	0.9320813209812344	
14	0.9365528380108163	0.9360566875622659	0.9358190441712949	0.9330417510854213	
15	0.9325625435374882	0.9308518886576286	0.9313131347370278	0.9277042844832727	
16	0.9337539131565105	0.934681046469946	0.9356242401547534	0.9320993058994653	
17	0.9295579317369809	0.9299728635321438	0.9277986924453818	0.9246312643347124	
18	0.931092254455967	0.9314063308783942	0.9302631299800646	0.927423068279275	
19	0.9304815651936036	0.9316889318322098	0.9321373058553802	0.9285236969487708	
20	0.9304301322557459	0.9318817519100285	0.9306495035642055	0.9274196339421856	
1	0.9869791666666666	0.9862226823096388	0.9869260386978308	0.9860139885283287	
2	0.9823626893939394	0.9827652457631517	0.9828028205694815	0.982348069441142	
3	0.9776371868763173	0.9782416213731118	0.9763532594112565	0.9762600291350001	
4	0.9722969809566099	0.9742932579023871	0.9736979619678688	0.9720566142718342	
5	0.9662455507392718	0.966589827661022	0.9673718559704652	0.9650445790614525	
6	0.9614591442009085	0.9630109288944428	0.9613803687312553	0.9600568560719077	
7	0.9468476956793915	0.9481469732130426	0.9461846396663669	0.9432159858532465	
8	0.9513620925242141	0.9525218060908445	0.9506087535474148	0.9482315245824362	
9	0.9504273541958148	0.9515278948865722	0.9498209963180179	0.9472890404495017	
10	0.9543070438417013	0.9563029003001663	0.9544772824504394	0.9525823503784429	
11	0.9573398795277253	0.9578497699975802	0.955767648899571	0.9541457930273881	
12	0.9528577550322646	0.954553023131901	0.9533926421836644	0.9499651194007167	
13	0.9528255813117438	0.9544709604906397	0.9527724290604392	0.9509439939113347	
14	0.9415307664498883	0.9424010089995136	0.9418450029152078	0.938832352582133	
15	0.937805004787266	0.9397389782585941	0.9384148822453243	0.9359581731674302	
16	0.9444608444484485	0.9451421161986503	0.9437314236005643	0.9418235927906848	
17	0.9452446683686946	0.9447899251936204	0.9458053292307346	0.9420176998991352	
18	0.9365357211336107	0.9386507380463462	0.9371144535649183	0.9338482051641355	
19	0.9382363199950527	0.9400699062887174	0.9375733244270831	0.9352462185575718	
20	0.9383448655698302	0.9395438982703995	0.9369054611058946	0.9348801811690072	
1	0.9266927083333334	0.9350130173241228	0.9241732575111731	0.9246508427615104	
2	0.9584635416666667	0.962399866750763	0.9603296090600625	0.9597749917322106	
3	0.9238824977106228	0.9284230443137079	0.933510256056123	0.9220996929739079	
4	0.9480972280243383	0.9500033369618442	0.9482827554849084	0.9472148051771297	
5	0.9447851718728006	0.9455805582268066	0.9436833637681078	0.9419367925307766	
6	0.946810138109671	0.9500708841563333	0.9462245852994995	0.9453319687425453	
7	0.949541469148658	0.9481785532618134	0.9435185755951557	0.9414989721209913	
8	0.9507170225713091	0.9498885933535175	0.9508904317383364	0.9475687486548006	
9	0.9439467868693596	0.9459704905365185	0.9456965590909792	0.9414715462538727	
10	0.9360805848168272	0.9341614869183583	0.9325608850972362	0.9296255118172578	
11	0.9327956586594571	0.9344396644463244	0.9338267397375275	0.9290257214996348	
12	0.938667240820406	0.9394943053893968	0.939811460975378	0.9349509682270601	
13	0.9401293302244009	0.9414590713106601	0.9391480360782226	0.9360168977030106	
14	0.9401413084618827	0.9416697820642504	0.938076325516761	0.9355610647644889	
15	0.9387169539608409	0.9405926174785744	0.9391689698893639	0.9352677773817265	
16	0.9467537743571819	0.947643052591155	0.9467780129183105	0.9439518291463658	
17	0.9469385025804992	0.9485718583673759	0.9470391183042987	0.9444665893163711	
18	0.9386788904201602	0.937967827544455	0.9341652976209682	0.9319883800337689	
19	0.9373356760319378	0.937036150520275	0.9344263790956661	0.9319778122404286	
20	0.9397826518616619	0.9420394519447832	0.940076681654191	0.9364590575997275	
1	0.9835069444444444	0.9835804555856044	0.983255386159734	0.9828643644955987	
2	0.9792534722222221	0.9786299138655978	0.9793591745911873	0.9782932911094326	
3	0.9865162037037036	0.9870779749003741	0.9865948477877526	0.98645095335502	
4	0.9576063368055555	0.9596990019105838	0.9575656025981337	0.9546277400416979	
5	0.9571982101664196	0.960351026000211	0.9594987548676599	0.9570991180827448	
6	0.9450546435894619	0.9428607405523687	0.9454270635700198	0.9395957158531488	
7	0.9551063957953024	0.9559306890158873	0.9531429149264312	0.9516040964224208	
8	0.9594154337559565	0.9609072667763855	0.9601157398789744	0.9579701943667509	
9	0.952717634282039	0.9517058463821856	0.9521899219345717	0.9480867988346431	
10	0.9613652727782522	0.9621051219128759	0.9603292065116067	0.9582301479641355	
11	0.9625927436588999	0.9639866374883845	0.9617434660526268	0.959843844382064	
12	0.9567956966159384	0.9590661462434474	0.9572876983914309	0.9543740724622544	
13	0.958608670235817	0.9610854225552656	0.95739929553245	0.9560822430980166	
14	0.9586153894498431	0.9597746046605239	0.9583291943109101	0.9562740148947352	
15	0.9566966933318495	0.9594887367899282	0.9564999014973877	0.954428042967378	
16	0.955540080722526	0.957622816721811	0.9555325346276264	0.9533845284055281	
17	0.9459149216619311	0.9455872183476589	0.9426395422829146	0.9406321844538529	
18	0.9422072265392245	0.9446833804960677	0.942182040541613	0.9397747285256995	
19	0.9452659847959888	0.9481712345873733	0.9437852044818269	0.941984888532269	
20	0.93921090331971	0.9385451138382445	0.9364727377215356	0.9338423854147194	
1	0.9810267857142857	0.981041910538485	0.9808382874075731	0.9804041755793256	
2	0.989597641941392	0.9895844470162618	0.9897915058364917	0.9893894910583636	
3	0.9801163731782999	0.9804239840396703	0.9793826505267541	0.9795851585829335	
4	0.9700568002070068	0.9694598863179633	0.9666932508390389	0.9670694585399507	
5	0.9469452696887727	0.9455606396597718	0.946260456198552	0.943419430632277	
6	0.9537484081148918	0.9532455589462732	0.9543304629864306	0.952278667784852	
7	0.9540967870710807	0.9543278855766976	0.954137284665406	0.9524778961074855	
8	0.9573646549273328	0.9577130357392976	0.957651737670482	0.9550772585661922	
9	0.9411200421305952	0.9428801891177306	0.9420285782932027	0.9382780977317	
10	0.9467018982828975	0.9486870155485547	0.9458552543993101	0.9436546071637105	
11	0.947732116112038	0.9492597640662531	0.9477928130576593	0.9452098673154485	
12	0.942100778825789	0.9444332987225074	0.9423401214514247	0.9400028962077728	
13	0.9336836446538579	0.9374942419271611	0.934486176768407	0.9301699676722472	
14	0.9346667790452085	0.9383316252105448	0.9355888914978205	0.9310460925531547	
15	0.9376928589139405	0.9410419789823101	0.9372695914940041	0.9336238111148686	
16	0.9391979864604709	0.941178975264779	0.9404129805541042	0.9364681073231698	
17	0.9430613781433435	0.9459213219149658	0.9432327783630311	0.9396901500506273	
18	0.947423502404005	0.9488836800350244	0.9477741102286443	0.9449459104679083	
19	0.9432548580918596	0.9457979714918948	0.9432948614409482	0.9405515400915775	
20	0.9433701001053072	0.9446351126174395	0.9439510489710476	0.9410627060451027	
1	0.9315557065217391	0.9405601493004844	0.9332354662430414	0.9321316343791876	
2	0.9716419459541064	0.9716496137783666	0.971212690051307	0.9706360374945188	
3	0.958408367121003	0.9594270205072825	0.9585627331264798	0.9567314259529082	
1	0.9626116071428571	0.9667370122175171	0.9633933746517551	0.9617874411544133	
2	0.9510899256993006	0.9536508949117564	0.9530602008574669	0.9520642895944161	
3	0.9532732892107892	0.9553029017480895	0.9577681972016028	0.9515519212331714	
4	0.9589226318258947	0.9611396586240433	0.9595622781579789	0.9575588089809921	
5	0.9535169305285314	0.9592819539808601	0.954619239163845	0.9522125421013102	
6	0.9646420914435273	0.9654062899702517	0.9659411496259042	0.9630376387393876	
7	0.9669263345655779	0.9681359827895248	0.9681040058736661	0.9652937801425769	
8	0.9693480084093926	0.970607211019684	0.9696831090568271	0.9681475777916398	
9	0.961579156327958	0.9627755731071483	0.9613135017282028	0.9595731470293214	
10	0.9579828881272865	0.9605577499958363	0.9583542360823252	0.9563628840756706	
11	0.953221477048828	0.9522533062934553	0.9520941948110001	0.949562657030122	
12	0.9497870171625359	0.9511364130908978	0.9502885370644544	0.9478170949970437	
13	0.9476076595825267	0.9469229725247319	0.9447855773904096	0.9420161477721145	
14	0.9471459143090265	0.9477949226931937	0.9458426346178918	0.9427484673634491	
15	0.9430875493503351	0.9462099682860089	0.943655530570108	0.9398683184530661	
16	0.9417228913487898	0.9441370162748843	0.9418128995378396	0.9389932835562849	
17	0.9486834975186643	0.9500728532761283	0.9486285791855771	0.9458642717937986	
18	0.9495402233407453	0.9504937457321082	0.949998457051159	0.9465981654730802	
19	0.9464534187315532	0.9484514299482539	0.9469057656077812	0.9436106355171132	
20	0.939138153676377	0.9398453123547303	0.9388089140529875	0.9356685077578039	
1	0.8707067757009346	0.8801413264737894	0.8696292631517519	0.8715417371048702	
2	0.9176219334112149	0.9353069768184149	0.9181135582071531	0.9172146179146778	
3	0.9243673776907383	0.9292920021139377	0.9221343021225176	0.9212366466949026	
4	0.9223361330985959	0.9218484934436886	0.9217130451418853	0.9188589237470695	
5	0.9252082286573311	0.9265765630574558	0.9263126421347587	0.9233027436526186	
6	0.9058697350320756	0.911082645124346	0.9063604856308833	0.904404430763113	
7	0.9043770567319543	0.9088392663243664	0.9022480098757636	0.8996770322550087	
8	0.9011850681162756	0.9017393577769266	0.9010989375233731	0.8958367352661827	
9	0.9126612855486059	0.9185739407324063	0.9106458344476018	0.9090553670604206	
10	0.9102614711166105	0.913023845131819	0.9100341923413353	0.9066931916741916	
11	0.9134372764633809	0.9165654094184571	0.9135492126127619	0.9102477023214391	
12	0.9121706211171107	0.913948745457381	0.9111260973644727	0.9071071716618914	
13	0.9218540042936596	0.9225547210444465	0.9216162814284523	0.9185272595462118	
14	0.9141481849290012	0.918434089563854	0.9156211926661061	0.9122030418720447	
15	0.9236638510433987	0.92572067342052	0.9236820181828659	0.9203550148755525	
16	0.9125788513876915	0.9158322936377032	0.9143530836988563	0.9091589775889577	
17	0.91864453943444	0.9219675135764192	0.9173241430709461	0.9132392344495088	
18	0.9246678531082062	0.9282728248837093	0.9240925361997306	0.9215842993321244	
19	0.9289637257700536	0.9311051825900832	0.928327900032167	0.9247940212204544	
20	0.9294963294086894	0.9324906219138335	0.9296425510372275	0.9265692941159983	
1	0.9517361111111112	0.928172208938694	0.9424891360559777	0.9331777174636983	
2	0.9267893564768565	0.9293183321923826	0.9291177759731367	0.9255004843446828	
1	0.9528273809523811	0.9598778721278721	0.9561835571835573	0.9544386985033929	
1	0.998780487804878	0.9981818181818183	0.999090909090909	0.9985825027685493	
1	0.981375773993808	0.9813243466859447	0.9810222897118582	0.9805145285070026	
1	0.9957932692307693	0.9962625363142604	0.9962868365056694	0.9962160242921649	
1	0.994140625	0.9944862371797856	0.9938549240484724	0.9940929090809204	
2	0.8983559011879325	0.9038844080037521	0.8993975313780415	0.8975091675808977	
3	0.8672521168445081	0.8736080145310746	0.8660131446442904	0.8614884833443733	
4	0.9068670146561622	0.9125289809437673	0.9060654876737289	0.9019077930704272	
5	0.9175915363822972	0.9237554969005185	0.9155764719501297	0.9129452088276306	
6	0.9307584816552209	0.9394922995302203	0.9306381992480844	0.9282454705615933	
7	0.9246024002491648	0.9301989888006562	0.9236142321471761	0.9200318507264997	
8	0.933061930199116	0.9392646253152496	0.933676533930587	0.9291396716048753	
9	0.9215217656570179	0.9317610591632575	0.9229562202957167	0.9194110980353349	
10	0.937230561212019	0.9447722989393712	0.9385685428292543	0.9349797325531641	
11	0.9328202688604029	0.9370855202507198	0.9321270065636782	0.9272793126978207	
12	0.9425219500866318	0.9493435768058841	0.9412820886414965	0.9397131197081513	
13	0.9450149043794812	0.9515394533993464	0.9443433539671021	0.9425508914017477	
14	0.9440892211897624	0.9501323577632677	0.9457678195284999	0.9430407308740951	
15	0.9459387080634154	0.9515565649232246	0.9466929091019602	0.9433662649187864	
16	0.9428131143988367	0.9466512111917066	0.9428385361660618	0.939859634106772	
17	0.9389323037177647	0.9428859295998552	0.9386955764470993	0.9353078074980966	
18	0.9417067453140461	0.9460110175708968	0.9426348924094297	0.9391177918489875	
19	0.940122845833854	0.945173369207128	0.9384406161506671	0.9367647250140814	
20	0.9330311115368961	0.9384006871090204	0.9325239614199645	0.9289960738978487	
1	0.939151278409091	0.9413200616520051	0.9389697324451399	0.9385847406085948	
2	0.9414565577651515	0.9456447127378015	0.9417999117402452	0.9389552422776617	
3	0.9527435455169831	0.9552654969495334	0.9526484226674873	0.9509554908170265	
4	0.9388052472626152	0.9393599288976359	0.9377685981209312	0.9354897000306381	
5	0.936919265796331	0.9360185569615906	0.9361624073157048	0.9320519794847779	
6	0.9461517374761721	0.9458536225727787	0.9455994545981093	0.942019342245101	
7	0.9447347228506385	0.9464473214698857	0.945473589004119	0.9420412605304007	
8	0.9477876818412315	0.9477713153334943	0.9477176483175769	0.9445076121350972	
9	0.9546386670600933	0.9550277029374086	0.9535259061922484	0.9517728101548187	
10	0.9510247088632262	0.9523960690246552	0.9520181980319512	0.9493201925623549	
11	0.9643642354289796	0.9643695568064914	0.964133588178015	0.9625681662498002	
12	0.9585139573764212	0.9589127001695176	0.9587594559692897	0.9567748847162254	
13	0.9539455088968732	0.9545254686000788	0.9531650585124656	0.9514449481282831	
14	0.9493991808733704	0.9503629614678673	0.9495763053328095	0.9469346477952633	
15	0.9448503498389919	0.9454011926552778	0.944818903498071	0.9428638010279248	
16	0.9470408924057733	0.9476363939977797	0.9461602159794148	0.9436819850851363	
17	0.9466031053112764	0.9480589244133177	0.9457704105600183	0.9434221979743792	
18	0.941084431852324	0.9418827173474812	0.9402368293668322	0.9374564936048222	
19	0.938603872747265	0.940897779725643	0.939036198625007	0.9358968635400903	
20	0.93749448493181	0.9407014158783136	0.9388592683470159	0.9351341682913936	
1	0.9303256497524752	0.938916786537156	0.9343376874290095	0.9303967108763165	
2	0.958716867780528	0.9606498704021686	0.9570833098990799	0.9568379681082835	
3	0.9408069613051048	0.9388026142409837	0.9378834738552028	0.9356044423808921	
4	0.9515456079648144	0.9533365850915022	0.9508214568193847	0.9502834705545553	
5	0.9438137985673567	0.9444435208453458	0.9460178048668115	0.9428572340931776	
6	0.9406864119932634	0.940138230216229	0.9377480117178004	0.9368853428509848	
7	0.9566449624183667	0.9580037548833139	0.9572262291878774	0.9551213216195301	
8	0.9486543453168452	0.947935847223401	0.9490617641003962	0.9453455409378599	
9	0.9525296139652786	0.9531832460928666	0.953470739367375	0.9498688127028218	
10	0.9404574593351309	0.9414427044887678	0.9399873997773337	0.9371215747671988	
11	0.9429896683273047	0.9436994775881803	0.9428098399466994	0.9396413652782049	
12	0.9425535161232462	0.9417111310213291	0.9385641497269135	0.9362697966272768	
13	0.9386435707118855	0.9419713401624927	0.9373846165294429	0.9339726874826073	
14	0.9388528439473046	0.939843956822113	0.9370277655104209	0.9339621125095093	
15	0.9358941391461559	0.9390463257343765	0.9360256600269871	0.9324021187829961	
16	0.9368224035509218	0.9382008054117688	0.9358759712086753	0.9320737989082415	
17	0.9389598076497957	0.9412965558887737	0.939011503006698	0.9355652098084539	
18	0.9392051223234221	0.9410211870444629	0.9393226384435862	0.9359122527015781	
19	0.9418002453385818	0.9430667270981063	0.9414917638283813	0.9381288932387556	
20	0.94451499043768	0.9452943025324914	0.942417222284338	0.9399234196288411	
1	0.9921875	0.9918334506216279	0.9929077132986908	0.9921479422380507	
2	0.9835714285714285	0.9829877346811053	0.9836632940842646	0.9829088668613524	
3	0.9565866510538642	0.961396004642805	0.9563498529398728	0.9552972482008156	
4	0.9444057951049272	0.9384785458489449	0.9396535013169209	0.9358234099257613	
5	0.9490075595812095	0.9515267914163497	0.9477373455966855	0.9468222206977209	
6	0.9431593031794675	0.9460373286795815	0.9462132432252939	0.9414168381672088	
7	0.9458582096875772	0.9495311610878708	0.9466697558577394	0.9440169838787059	
8	0.9430658668490656	0.9467419061470053	0.9425008404140125	0.9402965700135117	
9	0.942605067240772	0.9448206026074062	0.9410478039399516	0.9396124676670176	
10	0.9418905914049575	0.9464000293820181	0.9419323457752741	0.9395481188295536	
11	0.9385156448842885	0.9421262805413355	0.9383858430278174	0.9354526791430331	
12	0.9440002273363666	0.9452799894449789	0.9437916214600269	0.9407402848218265	
13	0.9392713019562665	0.9409070301241805	0.938532311046581	0.9347333844948947	
14	0.934343541701966	0.9414517020410325	0.9368668434309286	0.9320747899266418	
15	0.9436179991267724	0.948111578138567	0.9444010624690101	0.9416179699233513	
16	0.9422875146411978	0.9464566125733878	0.9413149439430317	0.9382920940543567	
17	0.9401841456174862	0.9447818305449626	0.9407806273060616	0.9377739732989983	
18	0.9369330229450203	0.9412974442602619	0.9376322400105506	0.9335866794069783	
19	0.9326719176249093	0.9396208185276802	0.9314631068734179	0.926684101838437	
20	0.9330196503329805	0.9365555129136945	0.9316309089082784	0.9284381532356699	
1	0.9826113315696648	0.9835391824923845	0.9821986643415217	0.9823273201610174	
2	0.9766961529982363	0.9773874173253534	0.9774452575716952	0.9764778709076019	
3	0.969528386200159	0.9730060814710098	0.9697365515679582	0.9696493812911552	
4	0.9665738504471654	0.9684788823865024	0.9674128072767587	0.9662050517154679	
5	0.9751482096496492	0.9759078959125336	0.9745190812193438	0.9741019270836329	
6	0.9693366440278944	0.9705155494764548	0.9695582706389803	0.9690149163044931	
7	0.9717876832033532	0.9728134068855433	0.9713382966618972	0.9705090205084032	
8	0.9555895138812468	0.9587197656731399	0.9551604974518619	0.9536350494187433	
9	0.9470588370076628	0.9489943810418505	0.9469208515336089	0.9457174246419751	
10	0.9385935475345016	0.9407571025091294	0.9383608897075344	0.9356375238771868	
11	0.9418205180724197	0.9412295209867468	0.9386729535308148	0.9363478077083859	
12	0.9401640949712594	0.94108993059072	0.9412028420030621	0.9379883823868985	
13	0.9427078908746468	0.94348683650472	0.9433842198265131	0.9403327804114112	
14	0.9467750495691096	0.9478228273567846	0.9465749351844673	0.944310926877441	
15	0.9418476850180191	0.9433522722202915	0.9411255073186751	0.9383303516863344	
16	0.9295096120020606	0.9314448462364263	0.9298769694266044	0.9266373583813808	
17	0.9337584345122486	0.9325623981107212	0.9309297346461195	0.928411782216685	
18	0.937855464680212	0.9376127668369487	0.9374743024241481	0.9344189688384292	
19	0.929907825676921	0.9315589481475397	0.9303795432301931	0.9271708793715983	
20	0.9264530616679127	0.9300487811169968	0.9264376841436418	0.9210482753444957	
1	0.9677353896103896	0.9696666720521704	0.9662988416876314	0.9660423141918393	
2	0.9754147219967533	0.9756014563309481	0.9760228306253607	0.9748494894514035	
3	0.9633444973633392	0.9594781463779173	0.9615770278810517	0.9580183077493024	
4	0.9655777199018812	0.9661308574234948	0.9642557071291777	0.9635574644454143	
5	0.9410036571796192	0.943459374920735	0.9401518255391779	0.938472140262486	
6	0.9535361577333988	0.9569138083502494	0.952408514583872	0.9513627637129672	
7	0.9581831835053322	0.9589963910485563	0.9563410357769738	0.9555562738573412	
8	0.93703993896618	0.940134874230635	0.9374389587246932	0.9355222401064931	
9	0.9380573766869647	0.9406900341110919	0.938125752815052	0.9362862684613105	
10	0.9344114761507514	0.9368093367574483	0.9347465941126263	0.9317254408645654	
11	0.9317624186543703	0.9389147676054846	0.9323102511779414	0.9291481941540802	
12	0.9350570275781317	0.9378558582659803	0.9350008409464027	0.9327083088333228	
13	0.9364447441033816	0.9388268849431486	0.9364701816724627	0.9335671551680679	
14	0.9326334488568182	0.9352816651819384	0.9308163829943845	0.9277558935305906	
15	0.9208246494888901	0.9246174544981944	0.9212652663068801	0.9180988506265276	
16	0.9305734660199962	0.9334516307749637	0.9306145796679232	0.9277748091822983	
17	0.9346652253297413	0.9360401401845901	0.9335813561749944	0.9310248829874914	
18	0.9345015855195071	0.93747472576491	0.9352106772486377	0.9318762935992816	
19	0.9309426260937517	0.9331878372307848	0.9313852346731043	0.9275577316515747	
20	0.9282057299211941	0.9310264870090323	0.9271114509995779	0.9232560758601547	
1	0.9988839285714286	0.9991341991341992	0.9990147783251232	0.9990591864276075	
2	0.9405234088827839	0.9482997867582046	0.944341206176606	0.9408066381444065	
3	0.9507916067067853	0.9538754306640659	0.9504051651310714	0.948451890665362	
4	0.9381257349825383	0.9422959635151653	0.9387164443899654	0.9334674636759024	
5	0.9327386871345528	0.9308946865057969	0.9258713780059497	0.9218507031775586	
6	0.9396093421168635	0.9417682545078426	0.9406374677510033	0.9368650689073563	
7	0.9432637665591581	0.9447714871189448	0.9424202551451998	0.9394228965354158	
8	0.9389165569028615	0.9395282433007277	0.9401834858513719	0.9351847327761805	
9	0.951924208489834	0.9525918783807045	0.9521523759984869	0.9495734528195826	
10	0.9469360954870509	0.9490590110399365	0.9462360458280733	0.943378887923769	
11	0.9414000533656378	0.944451753366906	0.9410666244697494	0.9387923980153229	
12	0.9438033550345583	0.94533014483209	0.9456369569518484	0.942821441472367	
13	0.9409021503439378	0.9419687389041989	0.940070419800737	0.9365715430112128	
14	0.9397397279054001	0.9422104948965737	0.9396888998855591	0.9371562145411155	
15	0.9384236425263324	0.9413374525647957	0.9378577173469668	0.9348008042149826	
16	0.9307275617435415	0.933703052012858	0.9317940913961353	0.926960729728559	
17	0.9261048651115149	0.9298251649113338	0.9260040183237208	0.922075256230639	
18	0.9302659513657632	0.9342019915233821	0.9298830885779537	0.9270344305178223	
19	0.9277269558049079	0.9330771014951227	0.928472119538001	0.9247360333704843	
20	0.9369555858240955	0.9390059943273441	0.9369081096974992	0.9343363335780394	
1	0.9986979166666666	0.9989247311827958	0.9986111111111112	0.9987443320544123	
2	0.9772917847694633	0.9516935377886993	0.9521094791348084	0.9513589045859314	
3	0.9725681390977444	0.9737001203424995	0.9714096832044555	0.9714128094868961	
4	0.9581126028323123	0.9578811159103019	0.9571679151475428	0.9548309171495767	
5	0.9624186845790949	0.9643654663895507	0.9629859304844219	0.9620792774664461	
6	0.942026026070477	0.941384871626954	0.9390169851226964	0.9365130341784352	
7	0.9430951715751291	0.942476389277162	0.9425883603453796	0.9396485279761881	
8	0.9485420855035476	0.9467737091074382	0.9455478722364207	0.9439594704587766	
9	0.9458738037491976	0.9465467061131727	0.9439087678917384	0.9421204638008026	
10	0.942458373958873	0.9430799562906429	0.9436965633245069	0.9394703277421103	
11	0.9460260287326736	0.9463363585717723	0.9454212441877844	0.942509145655984	
12	0.9454279446426604	0.9467880971011534	0.9468092015811879	0.9426426185979643	
13	0.9492054772265658	0.947959026079964	0.9491112681273861	0.945219673069132	
14	0.9340004757577545	0.936601058728104	0.9359429779450823	0.9323277876881721	
15	0.934772351709727	0.9359742577258724	0.9341027975660696	0.9315906437100667	
16	0.9332619953430525	0.9344003077472092	0.9330902346885506	0.9301113972462944	
17	0.9352083402140655	0.9357825452442263	0.9341659800815926	0.9309521558666638	
18	0.9360158709877852	0.936282202349668	0.9347092838909327	0.9316425091287027	
19	0.9308114765946408	0.9285199314797087	0.9291305735186287	0.9258537712763502	
20	0.9362508736898123	0.9356078765546115	0.9357442948302601	0.9333961111572243	
1	0.9127297794117647	0.9149334062067451	0.9148462541756257	0.9142254204248403	
2	0.9379460638422037	0.9394813628562378	0.9366413202188782	0.9362664019082078	
3	0.9395415489428095	0.9418718620564986	0.9401291547583054	0.9374591977794262	
4	0.9004359031038919	0.9010134068919584	0.9012160803201127	0.8982458482958943	
5	0.9171641318972938	0.9203717756699875	0.916945832643014	0.9147627352846495	
6	0.9266115465185146	0.9271207651835769	0.9239606506258392	0.9211735967880004	
7	0.9135726802227377	0.9181925837043204	0.9142125841745719	0.9096296687974067	
8	0.9267243283960118	0.9296948706856055	0.9285495713715676	0.9250281966818439	
9	0.9062571026262414	0.9071800828992349	0.905098211488568	0.900779106952753	
10	0.9076017551850641	0.9108430151039189	0.9066484779679825	0.9017368472299465	
11	0.9089563961944638	0.9088426497210843	0.9084167460738655	0.9010405007051999	
12	0.912352164966066	0.9156973183973259	0.9117730652743624	0.9077874157691023	
13	0.9095327759896843	0.9099681714068351	0.9092693116985149	0.9034599636482745	
14	0.9164181173441855	0.9185789515923719	0.9170900825824144	0.9121224105150556	
15	0.9150263914260571	0.918798219145444	0.916267201768948	0.9101307706500992	
16	0.9128608520778928	0.917141090801431	0.9139551246167403	0.9086670871978217	
17	0.9242749554018695	0.9266024265269608	0.9247233717396078	0.920484215399703	
18	0.9113691275442536	0.9121024752310688	0.9095814069305396	0.9031548695731638	
19	0.9164220185239417	0.9194980086995723	0.9127518695927671	0.9066651187514756	
20	0.9145340698498143	0.9229837672762236	0.9154849886521402	0.9094641969053411	
1	0.8721600578624915	0.8872838251706501	0.8672888399403172	0.8616631431054522	
2	0.9221804666227025	0.9260179568395235	0.9245502622581123	0.9218653317702727	
3	0.9362931723205506	0.9429081254438394	0.9393200644981258	0.9354261803276832	
4	0.9527693539794458	0.9549362409149551	0.9509349008076625	0.9510484418653433	
5	0.9488724255697496	0.9499217808618091	0.9492676175434477	0.9476425240163181	
6	0.9624806284251224	0.9631812118398173	0.9617167188011324	0.9614132050458338	
7	0.9623901463762754	0.9640182500856248	0.9631698223140892	0.9621563933475665	
8	0.9487697612255861	0.9501843205971532	0.9500630577634355	0.94743547472664	
9	0.9521263648314	0.9549162006499837	0.953318677431154	0.9510404699527145	
10	0.9419693399355589	0.9431176858057146	0.9378106518509124	0.9361253078351689	
11	0.9432189054976376	0.9420278313966741	0.9376165120863228	0.9363327391819414	
12	0.9415756635238298	0.9432608557734086	0.9410379925999816	0.9379479139812849	
13	0.9329176685256315	0.933809910051565	0.92970953199964	0.927210521026869	
14	0.9220630931154788	0.9250295192463527	0.9202251360845891	0.9173091558495771	
15	0.9246839814431548	0.9266672906767165	0.9244894416461927	0.9184472047756842	
16	0.9251150865374517	0.9285240562043319	0.9247044798102102	0.9197823700995381	
17	0.9304416834690323	0.9315074545369416	0.9282212046347619	0.9247685521701587	
18	0.9268662231509543	0.9299843137647942	0.9281090349158264	0.9223641219568789	
19	0.9368615258825792	0.938870130793827	0.9359482588926629	0.932372154811874	
20	0.9403004507293138	0.9428257010772058	0.9401700088510772	0.9365991363227648	
1	0.9593098958333334	0.963393137093152	0.9591597215028344	0.9574352878155404	
2	0.971462881768835	0.9731839824385438	0.9708636286130194	0.9708997188583603	
3	0.9725604334988613	0.972691819824659	0.9722257805838557	0.9717446627321228	
4	0.9588659893728526	0.9593959753850749	0.9582098875965341	0.9576823786187467	
5	0.9417693362756607	0.9436308716949323	0.9389461420257289	0.9368938287492167	
6	0.9463751989902079	0.9498527578803243	0.9463888659273114	0.9429589731088065	
7	0.942238943494844	0.9442062870438351	0.9420580583421236	0.9377045926182909	
8	0.9470474874408868	0.9484117140005817	0.9420660174045473	0.9376750062193988	
9	0.9413228175594411	0.9453179416613773	0.9436363027810997	0.9369844214775132	
10	0.9585295047482439	0.9611732232724177	0.9573974438772966	0.9543191024966646	
11	0.956522624275702	0.959796155877175	0.9541597976760272	0.9516821616604175	
12	0.9563546493174705	0.9579348385803624	0.9574152152358857	0.9522153566549681	
13	0.9501622670128052	0.9521279221577943	0.9537628884456149	0.947759980694369	
14	0.9526449486210389	0.9541016562985943	0.9509943815508052	0.9480692566123345	
15	0.9523839658729756	0.9531934982994831	0.9523989624867913	0.9492313488039635	
16	0.9506847660591716	0.9534324798930559	0.9513836614980496	0.9481667087077942	
17	0.9450943799500658	0.9475575538686101	0.946088295556147	0.9417000754179182	
18	0.9425086182050596	0.944615036193306	0.9422458439765194	0.938772551149182	
19	0.9425995607239822	0.9414680889421163	0.9418342716164995	0.9372464044264727	
20	0.9423680424569361	0.945075290519671	0.9426900478859832	0.9387495461945503	
1	0.97607421875	0.9784104343968327	0.9767018914883729	0.9760449371728425	
2	0.9570256696428572	0.9608974141238162	0.9568721070866777	0.9565908856986587	
3	0.9658528645833333	0.9674004949846119	0.965843259331689	0.965636975931243	
4	0.9721897651449694	0.9735292726348301	0.9722000481243345	0.9718049966625643	
5	0.9730206923243087	0.9736652912361894	0.9732230354968067	0.9725543737634471	
6	0.9717645929339479	0.9726665668710682	0.9723287807626791	0.9711161184703063	
7	0.9717812632865647	0.9730962355926301	0.9718646860710035	0.971013989030481	
8	0.9732744571902602	0.9743263366839102	0.973114722270493	0.9722320230043409	
9	0.9660379846673622	0.9646046879424007	0.9633571428771697	0.962197439183584	
10	0.9685654729595001	0.9704674150303042	0.9703156619869594	0.9688658185046396	
11	0.9683341268106893	0.9696946990207423	0.9677602003865077	0.9669807636874115	
12	0.9566845918032262	0.9577275346445423	0.9577148988732618	0.9556217207656306	
13	0.943407644245034	0.9442728241398518	0.944573952944374	0.9413200552888333	
14	0.9458715320630638	0.9471047226651482	0.9451538962311424	0.9425062113796379	
15	0.9480087076196011	0.9463316995861342	0.946610148639839	0.9434290974447352	
16	0.9371928291584515	0.9383403330778632	0.9366243841819628	0.9327427177238897	
17	0.9376131994792715	0.9411306290149237	0.9373762815458376	0.9340678493047219	
18	0.9346143867560652	0.9373385183014561	0.933693571637745	0.9297853742439419	
19	0.9409673231126603	0.9426382855765911	0.9399263070178591	0.9368532421309839	
20	0.9396282267177354	0.9412383467601056	0.9399788708816764	0.9362048056589775	
1	0.8339287982723578	0.8403164575805601	0.8329744419526376	0.8187560568043771	
2	0.9149199695121951	0.9212890359485062	0.9177173253289734	0.9099081928775477	
3	0.9224879649775023	0.9261880917170959	0.9209945538865288	0.9147037073897165	
4	0.9258930928314699	0.9283346317662773	0.9255077953659581	0.9191799014053776	
5	0.9410976587889855	0.9442086035599255	0.9407547857002074	0.9363371969072125	
6	0.9372270323599533	0.9403844787412297	0.9379428407756508	0.9320379596503899	
7	0.9297250217742009	0.9329148079199017	0.9284594125202419	0.9244238555829984	
8	0.9252802730376097	0.9275014951262552	0.9267874726860896	0.9213977575045867	
9	0.9265397902289543	0.9296284346132572	0.9275907969000254	0.922431288901308	
10	0.9325227767640909	0.9343841865452583	0.9323762786312525	0.9286482809511221	
11	0.9341889786894154	0.9343576830636032	0.9325524996766398	0.9291068015355056	
12	0.9286788979297002	0.9297585952240507	0.9282997765714502	0.9237642648969122	
13	0.9320311776070189	0.9313781286410105	0.9319807124530819	0.9270051390200724	
14	0.9340765030948012	0.9355846131627631	0.9337775414486377	0.9297979827811377	
15	0.9341116669732075	0.9349373641167344	0.9340244904972195	0.9303819685229437	
16	0.9364642202638819	0.937071608709433	0.9368065674929029	0.9330005420206031	
17	0.9391747883548327	0.9398734261278916	0.9390780938622817	0.9359450307313552	
18	0.9363357540092166	0.9379527342196157	0.9368173899832636	0.933899637444669	
19	0.9340775561698885	0.9349534251778013	0.933880704117199	0.9304734560792911	
20	0.9355265498713126	0.9368689738002445	0.9350900036289023	0.932054923945975	
1	0.9864836369770581	0.986509346501969	0.9862336257791793	0.9861247231748357	
2	0.9906112938596491	0.9904791986419846	0.9900081380445831	0.9900046322308906	
3	0.9911662045426238	0.99104315908113	0.9912767840216584	0.990942168257721	
4	0.9908124884885634	0.9908676237735148	0.9908880009254604	0.9905589206459222	
5	0.9859810087595001	0.986033821544608	0.986418532064954	0.9856457257664573	
6	0.979254286489866	0.9801776680280576	0.979584027987218	0.9790456457553884	
7	0.9818881001184413	0.9822946820885788	0.9821289556670572	0.9814619274957442	
8	0.9734895192875042	0.9747596410779337	0.973130632586801	0.9728952254713255	
9	0.9694579259653455	0.9708368850445783	0.9685242740605745	0.9683008949156174	
10	0.9563136043425853	0.9622577423978356	0.9557316517486057	0.9530530387362374	
11	0.9532589646108129	0.9602613382845461	0.9542639264287369	0.9492185137881893	
12	0.9599373811905368	0.9612274267373168	0.9606976772286931	0.9590177150703153	
13	0.9482332602653135	0.9552456827289434	0.9485689222517049	0.9441019641070663	
14	0.9502349896751189	0.9546315902656705	0.9496543888199412	0.9477112888056041	
15	0.9571472089145941	0.9588067771459694	0.9566516169545384	0.9553827801906827	
16	0.9481288331262383	0.9531221302932441	0.9484939851418253	0.9452823678048758	
17	0.9530614586463481	0.9546385738012291	0.9532200256736474	0.9513552631637064	
18	0.9527015671454504	0.9529298873693303	0.9521392070910877	0.9498232661610976	
19	0.9512109683383038	0.9522218335337894	0.9524996557045334	0.9497202629392597	
20	0.9359368835711404	0.9394211982352985	0.9360193184167453	0.9318107028895088	
1	0.804745802238806	0.8341773598415587	0.8070423307090051	0.8092298889640205	
2	0.8938216284648188	0.8999869051356624	0.8955049846903269	0.8949740101297263	
3	0.9233055729521608	0.9289210032789029	0.9227543264678232	0.9226172927932165	
4	0.93882267998734	0.9410238784918962	0.9387662499473646	0.9389396487939108	
5	0.9235697073054208	0.9238370749163927	0.9238906314881594	0.9219090169501184	
6	0.9314634602326191	0.931469658779954	0.931081515422406	0.9286836020881674	
7	0.9297426769167768	0.9293013922436343	0.9295414018844468	0.92706603961173	
8	0.9325624453526385	0.9343642173298424	0.9340691775114742	0.9312904581555281	
9	0.9342753087746812	0.9358229441130265	0.9355645501967316	0.9327723917174979	
10	0.9112655248353676	0.9242365586207543	0.9134205151182346	0.9054980448326955	
11	0.9212326995544675	0.9307414800528726	0.9220757024078776	0.9142104977709306	
12	0.9179468874438529	0.922679547901169	0.9168750393947646	0.9113153987424057	
13	0.9324752635309891	0.9355688046126617	0.9330993201736419	0.9296421224694943	
14	0.9449473450914907	0.9468950746671656	0.9455737255628619	0.9433145775512773	
15	0.9370057271184592	0.9406940841116254	0.935542514958351	0.9309682620635082	
16	0.9320602313427284	0.9333153450309188	0.9312131183818951	0.9269870521856726	
17	0.9286691194686	0.9288094615838028	0.9255864842838977	0.9204641149641809	
18	0.9221898110874975	0.9203224808919754	0.9197071609397172	0.9147632570608787	
19	0.9336028384989806	0.9324920942844871	0.9310264616034168	0.9266677858467434	
20	0.9406250704847207	0.941610236671786	0.9416215042827967	0.9388114975506134	
1	0.9582653985507246	0.9637048830246041	0.959742871177354	0.9585517353376144	
2	0.9738592617753623	0.9747049816136956	0.973907963045894	0.9719079799843618	
3	0.965951103208862	0.9688978898537163	0.967159252846054	0.9650598884325735	
4	0.9733111651411136	0.9747026141650017	0.9734080615953404	0.9722123312135578	
5	0.973583646461757	0.974886760512218	0.9740339314333933	0.9727237504725483	
6	0.9581739446892584	0.9532402829698507	0.9593400099516369	0.9522424170506211	
7	0.9691591593991454	0.9694638187357162	0.9692066238011455	0.9679320135920552	
8	0.9600652005881144	0.9580490680801013	0.9570936883977839	0.9560422541792922	
9	0.9540041461465315	0.9546693365790185	0.9531606711283387	0.9516296782491361	
10	0.9564577543128964	0.9577147001359403	0.9533134687532696	0.9517871530063078	
11	0.9499248585960014	0.9501519816254057	0.9509828073193436	0.9481203845341039	
12	0.9417552581548186	0.9440076474193915	0.9424303998316704	0.939387905684681	
13	0.9439806207644832	0.9450482248277693	0.9433443824135005	0.9411615506528495	
14	0.9463078657922119	0.9471369271686719	0.9479690700318116	0.9444075505958505	
15	0.9490210867325154	0.950510545867953	0.9492987132323016	0.9466455853095627	
16	0.9289092728367431	0.9311248108668588	0.931886760408442	0.9264460195670063	
17	0.9384425589354731	0.9396999484091557	0.9379172347363792	0.9354812174613968	
18	0.9378653668433921	0.9386375020858703	0.9392486673075519	0.9359003069554961	
19	0.936215323648048	0.9349608851156653	0.9341867475789982	0.9313892121398301	
20	0.9394557793965209	0.9406005818572405	0.940707029435185	0.9375588940318158	
1	0.9757068452380953	0.9758480139235288	0.9752814685314686	0.9747492187076066	
2	0.9324869791666667	0.9351789801581426	0.9324775066782833	0.9326686120870403	
3	0.9358010912698412	0.9391965553637132	0.9363420456238126	0.9356643952479002	
4	0.9444940476190476	0.9464563124285487	0.9421498361779694	0.9421283229557094	
5	0.9418456949665831	0.9433590733344526	0.9446554795872188	0.94170349130692	
6	0.9409940272100555	0.9415415628747237	0.942281865095187	0.9396110473321198	
7	0.9368233635561823	0.9344368533544131	0.9347176965202605	0.9318795543049856	
8	0.9404384469460035	0.9407481021882904	0.9416085868901485	0.9380587716581614	
9	0.9416260148663197	0.9419351931599788	0.942111533090121	0.9393534797672751	
10	0.9339162340681982	0.9356420564131968	0.9363726294575441	0.9322770628455215	
11	0.9363140415991473	0.938483755331069	0.9358515355399741	0.9339132282493253	
12	0.9313333609838895	0.9332152941263042	0.9321878512445241	0.9279076084564261	
13	0.9341509542517907	0.9376314135295808	0.9341358838472413	0.9301958897974368	
14	0.9280831583910342	0.9305497801807557	0.929007323738805	0.9246569976492779	
15	0.9321810338397251	0.9346554295265641	0.9331236435494173	0.9293411479017042	
16	0.9385199561886259	0.9405558128977698	0.9384076977921233	0.935390262046204	
17	0.9279607580421751	0.9327495925349314	0.9275303219799687	0.9229863774990172	
18	0.9353163982667572	0.9388466261401978	0.935282473676918	0.9323421034764716	
19	0.9360887983353022	0.9371910594038776	0.9360106564359751	0.9319481534057502	
20	0.939908560836488	0.9421717072751505	0.9393550697135575	0.9366753375447615	
1	0.9303323412698412	0.9400678326272327	0.9290034977813294	0.9286471602814791	
2	0.9578565860170973	0.9608638882120927	0.9559862480034718	0.9550733097197457	
3	0.9569676916622939	0.9599208219025527	0.9584751789635865	0.9556701330231604	
4	0.9562297974673685	0.9571717829854187	0.9555604204924886	0.953816733162719	
5	0.9445468047971598	0.9485659947234379	0.9428923404299464	0.941276578401445	
6	0.9457983852862818	0.9499422612264868	0.9478630435198596	0.9446942974772252	
7	0.9500777369209078	0.9520086613985846	0.9492559892902828	0.9480579557370696	
8	0.9480835603222955	0.9516942279332529	0.9493550132775721	0.9468764225957245	
9	0.9401207548640674	0.9412198017714045	0.9400625602860363	0.9369927150891084	
10	0.9392443937089242	0.9424751946918664	0.9389628067526571	0.9363258549216097	
11	0.9254924539454051	0.9301584377788928	0.923107345034273	0.9180964418706755	
12	0.9231402139632175	0.9307637267659215	0.9244030118356492	0.917600702300979	
13	0.9293432421805528	0.9371783964848386	0.9277812775977099	0.9235813195192547	
14	0.929497709569578	0.935347971350616	0.9307737917362768	0.9256591717412632	
15	0.9293775738582981	0.9364141891060582	0.9299736348964819	0.924454629224498	
16	0.9301019289431656	0.9370354773017332	0.9305754299337139	0.9246575717168151	
17	0.9310479626183048	0.9374791061963	0.930694184765272	0.9252410025010779	
18	0.9311522026419436	0.9372734483960247	0.9309360167451106	0.9252971852984538	
19	0.9301959395016619	0.9358803551359517	0.9303106481835073	0.9241731587350477	
20	0.940988348706426	0.9436698966486567	0.9416195748168441	0.93843172003974	
1	0.9919133771929823	0.9924653667134871	0.9931899483931504	0.9925709991659936	
2	0.9838987453817734	0.9844484794249742	0.9840485029476982	0.9837208748798547	
3	0.9845483349800784	0.9846566877552695	0.9851042674064899	0.9845087282955002	
4	0.9850886418269231	0.9852015930633528	0.9849325392559366	0.9848069067254661	
5	0.9712338184730894	0.9721533241174967	0.9716214091850001	0.9707435689722675	
6	0.95249625885106	0.9534964985487396	0.9527484786235485	0.9511255994113714	
7	0.9568737577837333	0.9582533063649455	0.9565349008934932	0.9552800181561815	
8	0.9449836680293184	0.9456631806166778	0.9443754995898967	0.9424266883907245	
9	0.9417466742293775	0.9422220173436959	0.9425122687413557	0.9404100381773873	
10	0.938504138741467	0.9394839155317483	0.9385433279802555	0.9369377367159559	
11	0.9295399338574679	0.9315582793648691	0.9322819444070234	0.9279888800716631	
12	0.9316347423740626	0.9323882363145114	0.9309997046162858	0.9272767591275195	
13	0.9346522160585926	0.935626716761142	0.9340034439948162	0.9317601462123464	
14	0.9344145142483287	0.9358656965348232	0.9353411733490978	0.9322132868268772	
15	0.9325143606299086	0.9325443909801877	0.931785442199828	0.9284088830638205	
16	0.9387783932328833	0.9386968689077472	0.9387982333608422	0.9360102152486034	
17	0.9333092723461407	0.9335658722626928	0.9333604964567869	0.9301726552929666	
18	0.9369916302097047	0.9374712445860118	0.9367171838694784	0.9334335459291145	
19	0.9269919662012898	0.9281674829559842	0.9266191563292159	0.9204055903307301	
20	0.9360262992663284	0.9378380102660442	0.936159379519685	0.9329303258946083	
1	0.9658310439560439	0.9692438418956189	0.9679024206014513	0.9665956430749567	
2	0.9813272664835164	0.983631265910708	0.9785004535847369	0.9797710235555837	
3	0.9746886483264264	0.9742350913418732	0.9751547480766033	0.9740406951681458	
4	0.9726458773615155	0.9726826829376608	0.9729183653989721	0.9721099058315408	
5	0.9630311883816054	0.9636883745067729	0.9636615369689097	0.9622571426134335	
6	0.9560333082805793	0.9575098537117337	0.9571714197774517	0.9556005264646729	
7	0.9581168925470639	0.9591598281670406	0.9590497052778529	0.9574817466136836	
8	0.9648100505373728	0.965709784230389	0.964679702742801	0.9639093719746816	
9	0.9510154793124515	0.9523641590182734	0.9508181033895678	0.9491772819497591	
10	0.9553650527755604	0.9562478439654509	0.9554439457468996	0.9538153724351064	
11	0.9512490491327963	0.9530803755634405	0.9518741520338344	0.9503312369071399	
12	0.9471068855526174	0.9473525622750523	0.9479172815553912	0.9448967239979454	
13	0.9457040117366542	0.9455382923858634	0.9446461449723914	0.9424488953659765	
14	0.9460063141795806	0.9460296685879531	0.9450879340074984	0.9434764663529219	
15	0.9518150623211514	0.9536346118436755	0.9505787119670775	0.949789494846042	
16	0.9375643055678429	0.9372963281607896	0.9370964750108055	0.9341355363989969	
17	0.9354600688138602	0.9364409631028988	0.9362347428348259	0.9334485686454305	
18	0.9333459252754158	0.9350171813630848	0.9331368918364856	0.9304124826897451	
19	0.9333391643365879	0.9357544822701274	0.9330854723402683	0.9304430633954967	
20	0.9364191399829659	0.9379627464925735	0.9358730603157905	0.9336414439405392	
1	0.9446614583333334	0.9488672438672439	0.9483578830784302	0.9462200276711745	
2	0.8850799851190476	0.8869398472801028	0.8834045457412969	0.869003820390456	
3	0.9218337391774892	0.9250781623248425	0.9210670620780769	0.917606960371317	
4	0.9204754554601413	0.9289430720574827	0.9221659193362737	0.9176767051128781	
5	0.9241605882280599	0.9234550154413949	0.9216784974043909	0.9170692361264562	
6	0.9290576415990716	0.9328283477545312	0.9303280209927415	0.9264390967789664	
7	0.9333790308627429	0.9313430612194369	0.9294757726838855	0.9254998170238409	
8	0.9302751985112191	0.9300564582403151	0.9286373634849617	0.9247201099535868	
9	0.9331170659786522	0.9351221046922795	0.9341452787004891	0.9304571402712103	
10	0.9339556042732319	0.9363783547307529	0.9358772863572333	0.9306086647138864	
11	0.9332992752047489	0.9343757173794317	0.9326112376881389	0.9281585719647919	
12	0.932606906121391	0.9367878793123152	0.9302816092151379	0.9282972474037069	
13	0.9358159295931124	0.9371788192877986	0.9363101414263523	0.9312055561961066	
14	0.9332355205885647	0.9337894052690975	0.9315443990739708	0.9276434602316411	
15	0.9386126182641777	0.9399896073367843	0.9380962498882115	0.9338283652694773	
16	0.9357420638776799	0.9381890508029355	0.9362552433707927	0.9318492084367054	
17	0.9327640847472956	0.9353042032594584	0.9346365891764834	0.9299757109034816	
18	0.9349846865258331	0.937425953657208	0.935280961981216	0.9316191670832438	
19	0.9319259317499545	0.9337896605016989	0.9320054908923996	0.9286458100141465	
20	0.9336456562100125	0.9374616688137258	0.9329990150451707	0.9299648504041265	
1	0.8692835365853658	0.8906163249474491	0.8680623188348512	0.8674074731656254	
2	0.9079239710365854	0.9128538594680128	0.9058807861175546	0.903340582884428	
3	0.9238333590614388	0.9297522947716917	0.9283670020171977	0.9239592993999285	
4	0.9243303690006005	0.9287945119229645	0.9243909746015633	0.922839962954357	
5	0.944319922741131	0.9441918452677103	0.940860559868901	0.9378600758166398	
6	0.9455668227328791	0.9480252671057737	0.9430030528438634	0.9417841255633271	
7	0.9449794137165181	0.9484710773379806	0.9459161654175319	0.9440832809800087	
8	0.9456340935867159	0.945331277671012	0.9441770045220613	0.9408049609616156	
9	0.9441724501893736	0.9437202306096789	0.9434810355035778	0.9393882055360895	
10	0.9358613913178588	0.9403514011144087	0.9371264975065461	0.9340751862032141	
11	0.9447569379569803	0.9465134729083794	0.9440696009722587	0.9422833886761542	
12	0.9342832332019739	0.9367371750970247	0.9335955043801589	0.9304167652540323	
13	0.9375828904270586	0.9415295555454789	0.9381814142721709	0.9356104796581912	
14	0.9414325018332229	0.9445956248154566	0.9407590188980556	0.9388059681283539	
15	0.9452369340249962	0.9464075008767759	0.9447578873397883	0.9413929823132823	
16	0.9283448991837084	0.9298197339958039	0.9290355156925723	0.9211442660541356	
17	0.9338930289236633	0.9367882110273378	0.933057107455865	0.927901733044516	
18	0.9320447762815428	0.9351467608225915	0.930615245837592	0.9250814542550457	
19	0.9336977003163031	0.9371867377127632	0.9326354822434727	0.9282580745489022	
20	0.9325667337812344	0.938401567297662	0.9325375073594344	0.9285702948216696	
1	0.9914434523809523	0.9914615427167384	0.9911054651889973	0.9910899025597877	
2	0.9741595742829295	0.9731720053443131	0.9746504362801952	0.9724656637084805	
3	0.9670207782186949	0.9675873444104269	0.9668188860079484	0.9660597846627313	
4	0.9718760333994709	0.9709305728257374	0.9709844137442983	0.9695087629674928	
5	0.9599537037037036	0.960034255930639	0.9627953339549377	0.9596281782380031	
6	0.9366436381752994	0.9360970976941698	0.9391335619305354	0.9347235114821277	
7	0.9367253478581602	0.9374393224767383	0.9355984333311722	0.9330310758840523	
8	0.9381175121084943	0.9395133348795393	0.9376970891537771	0.9349697212339381	
9	0.9325474943681746	0.934625257944865	0.9357752130578655	0.9309752347087318	
10	0.9378073170408012	0.9402359116367345	0.9383748877645226	0.9349881729839543	
11	0.9380480018695541	0.9402699235011521	0.937748713538181	0.935243368744209	
12	0.9360538817229439	0.9381745654622197	0.9363539283993826	0.9336959721039134	
13	0.9411875105251912	0.9420754735232764	0.9404727241798242	0.9383057357688389	
14	0.9353184986235963	0.9354027562925076	0.9352245967592248	0.9319316174900115	
15	0.9326882023865604	0.9324573686640153	0.931178606326064	0.9276951524078001	
16	0.9266085632504387	0.927686492595241	0.9252659607330586	0.9226115797815679	
17	0.9322376515213279	0.9346771325776274	0.9333107409479086	0.9293282921880359	
18	0.9331803711307352	0.9349072374340965	0.9333796224608388	0.9304446813553017	
19	0.9342089292843232	0.9361555380973626	0.9344811588457663	0.9312257945844206	
20	0.932235397870065	0.9340578715623709	0.9322563832626898	0.9292049521290681	
