1	130619	2.1583598534266155
2	154740	2.1175944447517394
3	162569	2.216544719537099
4	174001	2.201898443698883
5	217657	2.2191543777783713
6	227910	2.335275634129842
7	254071	2.4682297110557556
8	268858	2.618744846185048
9	276666	2.3250447670618692
10	291206	2.257517631848653
11	303331	2.351083016395569
1	188435	0.03927403688430786
2	196717	0.04402065674463908
3	204280	0.04909074306488037
4	224363	0.054025459289550784
5	232073	0.05787337223688761
6	253793	0.06815276940663656
7	260452	0.06867794990539551
8	267432	0.07583986520767212
9	278827	0.08871041933695475
10	296759	0.08892737229665121
11	303331	0.11331870555877685
1	110926	0.022867492834726968
2	140263	0.03102634350458781
3	166149	0.038866241772969566
4	182417	0.04371901353200277
5	213382	0.05226576725641886
1	147310	0.03151434262593587
2	165422	0.03950748046239217
3	195952	0.046741755803426106
4	212834	0.052181426684061685
5	259029	0.0680360754330953
1	138060	0.035137895743052164
1	164532	0.043988899389902754
1	129262	0.034090638160705566
1	132761	0.0354487935702006
1	182074	0.04844214916229248
1	162644	0.04663215080897013
1	113100	0.031150519847869873
1	167507	0.04454356829325358
1	0.011727365646349993	0.011834956156866965	0.011135617838506643	0.0038325716666015135	
1	128267	0.038389547665913897
1	0.026548057543957188	0.02884147612759747	0.025297101952880673	0.009251645608096515	
1	144301	0.03870300054550171
1	0.00586781964175417	0.005620753551575046	0.005003088326127239	0.0007247029014935935	
1	132282	0.03525740305582682
1	0.0017047391749062393	0.002454824411864985	0.0029321513808387317	0.0004925629809428257	
1	182702	0.048909695943196614
1	0.016933254344391784	0.017673775671406003	0.015057266982622433	0.0010296391253616405	
2	201477	0.05520582596460978
2	0.008688783570300158	0.00975019747235387	0.009972353870458136	0.0006884176207366983	
3	212717	0.05554428497950236
3	0.006582411795681938	0.0057760663507109	0.0061216429699842015	0.0011857561580522497	
4	225684	0.06828904946645101
4	0.0036532385466034756	0.0035174763033175354	0.003344687993680885	0.0006697590152445689	
5	257463	0.07351212501525879
5	0.0032157488723964156	0.003403347608573351	0.004039031767268235	0.0005054395892196735	
6	265483	0.0713966170946757
6	0.0030747354347379296	0.002969042282929786	0.0031051054139729617	0.0004847650363189937	
7	285539	0.0976574699083964
7	0.0023262632792975238	0.0023192106952307215	0.002416857409418789	0.0005738850860509964	
8	288844	0.08571385542551677
8	0.002582793793780012	0.002348295373558843	0.0025457677274293017	0.0005787932317795219	
9	292269	0.09588788747787476
9	0.002292026082248083	0.0022903313624191646	0.002061641669399215	0.0007159415395561546	
10	297108	0.0909115195274353
10	0.0046173662961791736	0.004251620717423821	0.003917081898381384	0.0018093962715957982	
11	303331	0.08948774337768554
11	0.004116685285020419	0.003959772307061533	0.004209726517552886	0.0019287268733547555	
