1	0.89724	0.89467	0.89896	0.90189	168002	1.52843	
2	0.91777	0.90915	0.91558	0.50349	55186	1.52745	
3	0.91003	0.90831	0.90896	0.41378	35080	1.56652	
4	0.87432	0.87516	0.86685	0.38049	25121	1.56229	
5	0.86716	0.87347	0.87647	0.28814	23981	1.52854	
6	0.83591	0.83810	0.84464	0.24998	24672	1.53260	
7	0.83989	0.83450	0.83436	0.23881	24802	1.55174	
8	0.82429	0.83147	0.82607	0.21310	46786	1.55627	
9	0.83081	0.82952	0.82697	0.18896	46573	1.58105	
10	0.82473	0.83480	0.83061	0.19303	25776	1.53810	
11	0.82173	0.82564	0.82275	0.18200	27911	1.58089	
1	0.89960	0.89628	0.89489	0.89701	168002	1.41526	
2	0.91378	0.91642	0.91953	0.52023	55186	1.45019	
3	0.90491	0.90296	0.90360	0.45868	35080	1.48171	
4	0.87600	0.87800	0.86956	0.36675	25121	1.49385	
5	0.86343	0.86882	0.86191	0.28387	23981	1.52648	
6	0.85115	0.83705	0.83300	0.27306	24672	1.53003	
7	0.83818	0.83305	0.84369	0.23041	24802	1.47904	
8	0.82314	0.82298	0.83102	0.22009	46786	1.53466	
9	0.83865	0.84311	0.82861	0.19621	46573	1.55819	
10	0.82880	0.82847	0.82264	0.19244	25776	1.58788	
11	0.81511	0.82251	0.82102	0.17867	27911	1.60558	
1	0.89671	0.89772	0.89692	0.90084	168002	1.40184	
2	0.91888	0.92010	0.91375	0.52190	55186	1.40663	
3	0.90452	0.90468	0.89959	0.46103	35080	1.45269	
4	0.86319	0.86941	0.86819	0.36652	25121	1.46903	
5	0.86474	0.85820	0.86562	0.29809	23981	1.52038	
6	0.84051	0.82834	0.83190	0.25834	24672	1.52151	
7	0.77964	0.78840	0.77885	0.20682	24802	1.52680	
8	0.81963	0.81884	0.81743	0.21965	46786	1.54129	
9	0.83141	0.82611	0.82355	0.18399	46573	1.52732	
10	0.83299	0.82973	0.82204	0.18376	25776	1.59220	
11	0.82717	0.83135	0.82628	0.18007	27911	1.61515	
1	0.89815	0.89805	0.89130	0.90103	168002	1.43580	
2	0.91447	0.91397	0.90941	0.51446	55186	1.43565	
3	0.91023	0.91738	0.91096	0.45533	35080	1.46319	
4	0.87460	0.87568	0.86873	0.34385	25121	1.47404	
5	0.87365	0.86513	0.87117	0.28737	23981	1.51277	
6	0.83438	0.84751	0.83212	0.26832	24672	1.50974	
7	0.83008	0.83484	0.82328	0.23878	24802	1.52508	
8	0.82976	0.83146	0.82660	0.23278	46786	1.55578	
9	0.81824	0.82530	0.81843	0.19011	46573	1.58417	
10	0.83196	0.83108	0.82892	0.19711	25776	1.59740	
11	0.82873	0.82642	0.83126	0.18006	27911	1.61200	
1	0.89269	0.89531	0.89617	0.89844	168002	1.44705	
2	0.90990	0.91394	0.91281	0.50900	55186	1.46351	
3	0.91748	0.92132	0.91659	0.42072	35080	1.42109	
4	0.88164	0.87119	0.87620	0.36566	25121	1.44678	
5	0.87243	0.86702	0.86456	0.28711	23981	1.48475	
6	0.83992	0.84358	0.83672	0.25474	24672	1.49636	
7	0.83746	0.83255	0.83849	0.22649	24802	1.45639	
8	0.79562	0.79495	0.80678	0.19570	46786	1.51459	
9	0.83051	0.82902	0.82003	0.19622	46573	1.54498	
10	0.83178	0.82836	0.83698	0.18913	25776	1.52721	
11	0.82881	0.82387	0.82318	0.18192	27911	1.53588	
1	0.00000	168002	0.87676	
2	0.00000	55186	0.89852	
3	0.00000	35080	0.92283	
4	0.00000	25121	0.91617	
5	0.00000	23981	0.91932	
6	0.00000	24672	0.89569	
7	0.00000	24802	0.88363	
8	0.00000	46786	0.87685	
9	0.00000	46573	0.87708	
10	0.00000	25776	0.90630	
11	nan	27911	0.91901	
